17	OND	7	N	   1.188	   2.188	250.
17	OND	8	N	   1.257	   2.257	250.
17	OND	9	N	   1.062	   2.062	250.
17	OND	10	N	   0.957	   1.957	250.
17	OND	11	N	   0.000	   1.700	250.
17	OND	12	N	   0.000	   1.700	250.
17	OND	13	N	   0.000	   1.700	250.
17	OND	14	N	   0.000	   1.700	250.
17	OND	15	N	   0.000	   1.700	250.
17	OND	16	N	   0.000	   1.700	250.
17	OND	18	N	   0.000	   1.700	250.
17	OND	19	N	   0.000	   1.700	250.
17	OND	20	N	   0.000	   1.700	250.
17	OND	21	N	   0.000	   1.700	250.
17	OND	22	N	   0.000	   1.700	250.
17	OND	23	N	   0.000	   1.700	250.
17	OND	24	N	   0.000	   1.700	250.
17	OND	25	N	   0.000	   1.700	250.
17	OND	26	N	   0.832	   1.832	250.
17	OND	27	N	   0.857	   1.857	250.
17	OND	28	N	   0.984	   1.984	250.
17	OND	29	N	   1.437	   2.437	250.
17	OND	30	N	   1.309	   2.309	250.
17	OND	31	N	   1.236	   2.236	250.
17	OND	33	N	   1.458	   2.458	250.
17	OND	34	N	   1.382	   2.382	250.
17	OND	35	N	   1.244	   2.244	250.
17	OND	36	N	   1.500	 999.000	250.
17	OND	37	N	   1.500	 999.000	250.
17	OND	39	N	   1.500	 999.000	250.
17	OND	40	N	   1.500	 999.000	250.
17	OND	44	N	   1.500	 999.000	250.
17	OND	45	N	   1.469	   2.469	250.
17	OND	46	N	   1.500	 999.000	250.
17	OND	47	N	   1.500	 999.000	250.
17	OND	48	N	   1.500	 999.000	250.
17	OND	49	N	   1.500	 999.000	250.
17	OND	50	N	   1.500	 999.000	250.
17	OND	52	N	   1.500	 999.000	250.
17	OND	53	N	   1.500	 999.000	250.
17	OND	54	N	   1.465	   2.465	250.
17	OND	55	N	   1.500	 999.000	250.
17	OND	56	N	   1.500	 999.000	250.
17	OND	57	N	   1.500	 999.000	250.
17	OND	58	N	   1.500	 999.000	250.
17	OND	59	N	   1.500	 999.000	250.
17	OND	60	N	   1.500	 999.000	250.
17	OND	61	N	   1.500	 999.000	250.
17	OND	62	N	   1.474	   2.474	250.
17	OND	63	N	   1.094	   2.094	250.
17	OND	64	N	   1.046	   2.046	250.
17	OND	65	N	   0.000	   1.700	250.
17	OND	67	N	   0.967	   1.967	250.
17	OND	70	N	   1.191	   2.191	250.
17	OND	71	N	   1.385	   2.385	250.
17	OND	74	N	   1.500	 999.000	250.
17	OND	80	N	   1.500	 999.000	250.
17	OND	81	N	   1.500	 999.000	250.
17	OND	84	N	   1.500	 999.000	250.
17	OND	85	N	   1.500	 999.000	250.
17	OND	87	N	   1.500	 999.000	250.
17	OND	89	N	   1.500	 999.000	250.
17	OND	91	N	   1.500	 999.000	250.
17	OND	92	N	   1.500	 999.000	250.
17	OND	93	N	   1.500	 999.000	250.
17	OND	94	N	   1.500	 999.000	250.
17	OND	95	N	   1.500	 999.000	250.
17	OND	100	N	   1.500	 999.000	250.
17	OND	101	N	   1.500	 999.000	250.
17	OND	102	N	   1.500	 999.000	250.
17	OND	103	N	   1.500	 999.000	250.
17	OND	105	N	   1.500	 999.000	250.
17	OND	106	N	   1.500	 999.000	250.
17	OND	109	N	   1.500	 999.000	250.
17	OND	110	N	   1.392	   2.392	250.
17	OND	111	N	   1.480	   2.480	250.
17	OND	112	N	   1.161	   2.161	250.
17	OND	113	N	   0.992	   1.992	250.
17	OND	114	N	   0.895	   1.895	250.
17	OND	116	N	   1.128	   2.128	250.
17	OND	117	N	   1.384	   2.384	250.
17	OND	118	N	   1.320	   2.320	250.
17	OND	119	N	   1.500	 999.000	250.
17	OND	120	N	   1.500	 999.000	250.
17	OND	121	N	   1.500	 999.000	250.
17	OND	122	N	   1.500	 999.000	250.
17	OND	123	N	   1.500	 999.000	250.
17	OND	126	N	   1.500	 999.000	250.
17	OND	128	N	   1.500	 999.000	250.
17	OND	129	N	   1.500	 999.000	250.
17	OND	131	N	   1.500	 999.000	250.
17	OND	133	N	   1.500	 999.000	250.
17	OND	134	N	   1.500	 999.000	250.
17	OND	139	N	   1.500	 999.000	250.
17	OND	143	N	   1.500	 999.000	250.
17	OND	146	N	   1.500	 999.000	250.
17	OND	160	N	   0.985	   1.985	250.
17	OND	161	N	   0.828	   1.828	250.
17	OND	162	N	   1.204	   2.204	250.
17	OND	163	N	   0.943	   1.943	250.
17	OND	164	N	   1.246	   2.246	250.
17	OND	165	N	   1.222	   2.222	250.
17	OND	167	N	   1.381	   2.381	250.
17	OND	168	N	   1.500	 999.000	250.
17	OND	170	N	   1.500	 999.000	250.
17	OND	171	N	   1.500	 999.000	250.
17	OND	172	N	   1.430	   2.430	250.
34	OND	6	N	   1.500	 999.000	250.
34	OND	7	N	   1.500	 999.000	250.
34	OND	9	N	   1.500	 999.000	250.
34	OND	10	N	   1.500	 999.000	250.
34	OND	11	N	   1.500	 999.000	250.
34	OND	13	N	   1.500	 999.000	250.
34	OND	14	N	   1.500	 999.000	250.
34	OND	15	N	   1.499	   2.499	250.
34	OND	16	N	   1.365	   2.365	250.
34	OND	17	N	   0.000	   1.700	250.
34	OND	18	N	   0.000	   1.700	250.
34	OND	19	N	   0.000	   1.700	250.
34	OND	20	N	   0.000	   1.700	250.
34	OND	22	N	   0.000	   1.700	250.
34	OND	24	N	   0.000	   1.700	250.
34	OND	25	N	   0.000	   1.700	250.
34	OND	26	N	   0.000	   1.700	250.
34	OND	27	N	   0.000	   1.700	250.
34	OND	28	N	   0.000	   1.700	250.
34	OND	29	N	   0.000	   1.700	250.
34	OND	30	N	   0.000	   1.700	250.
34	OND	31	N	   0.000	   1.700	250.
34	OND	33	N	   0.000	   1.700	250.
34	OND	35	N	   0.000	   1.700	250.
34	OND	36	N	   0.000	   1.700	250.
34	OND	37	N	   0.000	   1.700	250.
34	OND	39	N	   0.000	   1.700	250.
34	OND	40	N	   0.000	   1.700	250.
34	OND	44	N	   1.195	   2.195	250.
34	OND	45	N	   0.888	   1.888	250.
34	OND	46	N	   1.197	   2.197	250.
34	OND	47	N	   1.322	   2.322	250.
34	OND	48	N	   1.075	   2.075	250.
34	OND	49	N	   1.022	   2.022	250.
34	OND	50	N	   1.308	   2.308	250.
34	OND	52	N	   1.233	   2.233	250.
34	OND	53	N	   1.483	   2.483	250.
34	OND	54	N	   1.292	   2.292	250.
34	OND	55	N	   1.408	   2.408	250.
34	OND	56	N	   1.500	 999.000	250.
34	OND	57	N	   1.500	 999.000	250.
34	OND	58	N	   1.500	 999.000	250.
34	OND	59	N	   1.500	 999.000	250.
34	OND	60	N	   1.500	 999.000	250.
34	OND	61	N	   1.500	 999.000	250.
34	OND	62	N	   1.364	   2.364	250.
34	OND	63	N	   1.068	   2.068	250.
34	OND	64	N	   1.500	 999.000	250.
34	OND	65	N	   1.367	   2.367	250.
34	OND	67	N	   1.122	   2.122	250.
34	OND	69	N	   1.500	 999.000	250.
34	OND	70	N	   1.500	 999.000	250.
34	OND	71	N	   1.500	 999.000	250.
34	OND	81	N	   1.499	   2.499	250.
34	OND	84	N	   1.500	 999.000	250.
34	OND	85	N	   1.438	   2.438	250.
34	OND	87	N	   1.467	   2.467	250.
34	OND	89	N	   1.500	 999.000	250.
34	OND	91	N	   1.500	 999.000	250.
34	OND	92	N	   1.437	   2.437	250.
34	OND	94	N	   1.500	 999.000	250.
34	OND	95	N	   1.500	 999.000	250.
34	OND	96	N	   1.500	 999.000	250.
34	OND	97	N	   1.500	 999.000	250.
34	OND	98	N	   1.500	 999.000	250.
34	OND	101	N	   1.500	 999.000	250.
34	OND	102	N	   1.500	 999.000	250.
34	OND	103	N	   1.500	 999.000	250.
34	OND	104	N	   1.444	   2.444	250.
34	OND	105	N	   1.500	 999.000	250.
34	OND	106	N	   1.500	 999.000	250.
34	OND	109	N	   1.193	   2.193	250.
34	OND	110	N	   1.041	   2.041	250.
34	OND	111	N	   1.221	   2.221	250.
34	OND	112	N	   0.000	   1.700	250.
34	OND	113	N	   0.000	   1.700	250.
34	OND	114	N	   1.301	   2.301	250.
34	OND	116	N	   1.157	   2.157	250.
34	OND	117	N	   1.500	 999.000	250.
34	OND	118	N	   1.486	   2.486	250.
34	OND	119	N	   1.500	 999.000	250.
34	OND	120	N	   1.500	 999.000	250.
34	OND	121	N	   1.437	   2.437	250.
34	OND	122	N	   1.500	 999.000	250.
34	OND	123	N	   1.500	 999.000	250.
34	OND	126	N	   1.500	 999.000	250.
34	OND	127	N	   1.500	 999.000	250.
34	OND	128	N	   1.500	 999.000	250.
34	OND	134	N	   1.500	 999.000	250.
34	OND	135	N	   1.500	 999.000	250.
34	OND	137	N	   1.500	 999.000	250.
34	OND	138	N	   1.500	 999.000	250.
34	OND	139	N	   1.500	 999.000	250.
34	OND	141	N	   1.500	 999.000	250.
34	OND	143	N	   1.500	 999.000	250.
34	OND	145	N	   1.500	 999.000	250.
34	OND	146	N	   1.431	   2.431	250.
42	OND	6	N	   1.500	 999.000	250.
42	OND	7	N	   1.500	 999.000	250.
42	OND	8	N	   1.500	 999.000	250.
42	OND	9	N	   1.467	   2.467	250.
42	OND	10	N	   1.500	 999.000	250.
42	OND	11	N	   1.500	 999.000	250.
42	OND	12	N	   1.500	 999.000	250.
42	OND	13	N	   1.500	 999.000	250.
42	OND	14	N	   1.500	 999.000	250.
42	OND	16	N	   1.500	 999.000	250.
42	OND	17	N	   1.500	 999.000	250.
42	OND	18	N	   1.500	 999.000	250.
42	OND	19	N	   1.500	 999.000	250.
42	OND	21	N	   1.500	 999.000	250.
42	OND	22	N	   1.500	 999.000	250.
42	OND	23	N	   1.500	 999.000	250.
42	OND	24	N	   1.500	 999.000	250.
42	OND	25	N	   1.500	 999.000	250.
42	OND	26	N	   1.500	 999.000	250.
42	OND	27	N	   1.500	 999.000	250.
42	OND	28	N	   1.313	   2.313	250.
42	OND	29	N	   1.099	   2.099	250.
42	OND	30	N	   0.000	   1.700	250.
42	OND	31	N	   0.000	   1.700	250.
42	OND	33	N	   0.000	   1.700	250.
42	OND	34	N	   0.000	   1.700	250.
42	OND	35	N	   0.000	   1.700	250.
42	OND	36	N	   0.000	   1.700	250.
42	OND	37	N	   0.000	   1.700	250.
42	OND	39	N	   0.000	   1.700	250.
42	OND	40	N	   0.000	   1.700	250.
42	OND	44	N	   0.000	   1.700	250.
42	OND	45	N	   0.000	   1.700	250.
42	OND	46	N	   0.000	   1.700	250.
42	OND	47	N	   0.000	   1.700	250.
42	OND	48	N	   0.773	   1.773	250.
42	OND	49	N	   0.978	   1.978	250.
42	OND	50	N	   1.207	   2.207	250.
42	OND	52	N	   1.424	   2.424	250.
42	OND	53	N	   1.500	 999.000	250.
42	OND	54	N	   1.500	 999.000	250.
42	OND	56	N	   1.500	 999.000	250.
42	OND	57	N	   1.500	 999.000	250.
42	OND	58	N	   1.500	 999.000	250.
42	OND	61	N	   1.500	 999.000	250.
42	OND	62	N	   1.500	 999.000	250.
42	OND	63	N	   1.436	   2.436	250.
42	OND	64	N	   1.500	 999.000	250.
42	OND	69	N	   1.500	 999.000	250.
42	OND	70	N	   1.500	 999.000	250.
42	OND	80	N	   1.500	 999.000	250.
42	OND	81	N	   1.467	   2.467	250.
42	OND	84	N	   1.500	 999.000	250.
42	OND	85	N	   1.500	 999.000	250.
42	OND	87	N	   1.500	 999.000	250.
42	OND	89	N	   1.446	   2.446	250.
42	OND	91	N	   1.178	   2.178	250.
42	OND	92	N	   1.259	   2.259	250.
42	OND	93	N	   1.296	   2.296	250.
42	OND	94	N	   1.222	   2.222	250.
42	OND	95	N	   1.239	   2.239	250.
42	OND	96	N	   1.243	   2.243	250.
42	OND	97	N	   1.500	 999.000	250.
42	OND	98	N	   1.500	 999.000	250.
42	OND	100	N	   1.500	 999.000	250.
42	OND	101	N	   1.500	 999.000	250.
42	OND	102	N	   1.500	 999.000	250.
42	OND	103	N	   1.358	   2.358	250.
42	OND	104	N	   1.344	   2.344	250.
42	OND	105	N	   1.432	   2.432	250.
42	OND	106	N	   1.500	 999.000	250.
42	OND	109	N	   1.500	   2.500	250.
42	OND	110	N	   1.404	   2.404	250.
42	OND	111	N	   1.119	   2.119	250.
42	OND	112	N	   1.178	   2.178	250.
42	OND	113	N	   1.346	   2.346	250.
42	OND	114	N	   1.500	 999.000	250.
42	OND	116	N	   1.500	 999.000	250.
42	OND	117	N	   1.500	 999.000	250.
42	OND	118	N	   1.350	   2.350	250.
42	OND	119	N	   1.491	   2.491	250.
42	OND	120	N	   1.500	 999.000	250.
42	OND	121	N	   1.500	 999.000	250.
42	OND	122	N	   1.500	 999.000	250.
42	OND	123	N	   1.500	 999.000	250.
42	OND	126	N	   1.500	 999.000	250.
42	OND	127	N	   1.500	 999.000	250.
42	OND	128	N	   1.500	 999.000	250.
42	OND	129	N	   1.500	 999.000	250.
42	OND	130	N	   1.500	 999.000	250.
42	OND	131	N	   1.500	 999.000	250.
42	OND	132	N	   1.500	 999.000	250.
42	OND	133	N	   1.500	 999.000	250.
42	OND	134	N	   1.500	 999.000	250.
42	OND	136	N	   1.500	 999.000	250.
42	OND	137	N	   1.500	 999.000	250.
42	OND	138	N	   1.500	 999.000	250.
42	OND	139	N	   1.500	 999.000	250.
42	OND	144	N	   1.500	 999.000	250.
42	OND	145	N	   1.352	   2.352	250.
42	OND	146	N	   1.500	 999.000	250.
53	OND	7	N	   1.500	 999.000	250.
53	OND	10	N	   1.500	 999.000	250.
53	OND	11	N	   1.500	 999.000	250.
53	OND	12	N	   1.500	 999.000	250.
53	OND	13	N	   1.500	 999.000	250.
53	OND	16	N	   1.500	 999.000	250.
53	OND	18	N	   1.500	 999.000	250.
53	OND	19	N	   1.500	 999.000	250.
53	OND	20	N	   1.500	 999.000	250.
53	OND	21	N	   1.500	 999.000	250.
53	OND	22	N	   1.500	 999.000	250.
53	OND	24	N	   1.500	 999.000	250.
53	OND	25	N	   1.500	 999.000	250.
53	OND	26	N	   1.500	 999.000	250.
53	OND	27	N	   1.187	   2.187	250.
53	OND	28	N	   1.149	   2.149	250.
53	OND	29	N	   0.919	   1.919	250.
53	OND	30	N	   1.034	   2.034	250.
53	OND	31	N	   1.209	   2.209	250.
53	OND	33	N	   1.148	   2.148	250.
53	OND	34	N	   1.441	   2.441	250.
53	OND	35	N	   1.500	 999.000	250.
53	OND	36	N	   1.493	   2.493	250.
53	OND	37	N	   1.500	 999.000	250.
53	OND	39	N	   1.500	 999.000	250.
53	OND	40	N	   1.500	 999.000	250.
53	OND	44	N	   1.218	   2.218	250.
53	OND	45	N	   1.030	   2.030	250.
53	OND	46	N	   0.983	   1.983	250.
53	OND	47	N	   0.974	   1.974	250.
53	OND	48	N	   0.842	   1.842	250.
53	OND	49	N	   0.000	   1.700	250.
53	OND	50	N	   0.000	   1.700	250.
53	OND	52	N	   0.000	   1.700	250.
53	OND	54	N	   0.000	   1.700	250.
53	OND	55	N	   0.000	   1.700	250.
53	OND	56	N	   0.000	   1.700	250.
53	OND	57	N	   0.000	   1.700	250.
53	OND	58	N	   0.000	   1.700	250.
53	OND	59	N	   0.000	   1.700	250.
53	OND	60	N	   0.000	   1.700	250.
53	OND	61	N	   0.000	   1.700	250.
53	OND	62	N	   0.000	   1.700	250.
53	OND	63	N	   0.950	   1.950	250.
53	OND	64	N	   1.088	   2.088	250.
53	OND	65	N	   1.473	   2.473	250.
53	OND	67	N	   1.154	   2.154	250.
53	OND	70	N	   1.445	   2.445	250.
53	OND	71	N	   1.446	   2.446	250.
53	OND	74	N	   1.500	 999.000	250.
53	OND	80	N	   1.500	 999.000	250.
53	OND	81	N	   1.438	   2.438	250.
53	OND	84	N	   1.500	 999.000	250.
53	OND	85	N	   1.500	 999.000	250.
53	OND	89	N	   1.500	 999.000	250.
53	OND	91	N	   1.500	 999.000	250.
53	OND	92	N	   1.500	 999.000	250.
53	OND	94	N	   1.500	 999.000	250.
53	OND	95	N	   1.500	 999.000	250.
53	OND	97	N	   1.500	 999.000	250.
53	OND	98	N	   1.500	 999.000	250.
53	OND	102	N	   1.500	 999.000	250.
53	OND	103	N	   1.500	 999.000	250.
53	OND	105	N	   1.500	 999.000	250.
53	OND	110	N	   1.500	 999.000	250.
53	OND	113	N	   1.500	 999.000	250.
53	OND	116	N	   1.500	 999.000	250.
53	OND	117	N	   1.500	 999.000	250.
53	OND	118	N	   1.453	   2.453	250.
53	OND	119	N	   1.500	 999.000	250.
53	OND	120	N	   1.500	 999.000	250.
53	OND	121	N	   1.500	 999.000	250.
53	OND	122	N	   1.500	 999.000	250.
53	OND	123	N	   1.500	 999.000	250.
53	OND	128	N	   1.500	 999.000	250.
53	OND	130	N	   1.500	 999.000	250.
53	OND	131	N	   1.500	 999.000	250.
53	OND	132	N	   1.500	 999.000	250.
53	OND	138	N	   1.500	 999.000	250.
53	OND	139	N	   1.500	 999.000	250.
53	OND	163	N	   1.500	 999.000	250.
53	OND	164	N	   1.500	 999.000	250.
53	OND	165	N	   1.500	 999.000	250.
53	OND	167	N	   1.500	 999.000	250.
53	OND	168	N	   1.500	 999.000	250.
53	OND	170	N	   1.500	 999.000	250.
53	OND	171	N	   1.192	   2.192	250.
53	OND	172	N	   1.459	   2.459	250.
86	OND	6	N	   1.291	   2.291	250.
86	OND	7	N	   1.467	   2.467	250.
86	OND	9	N	   1.500	 999.000	250.
86	OND	10	N	   1.500	 999.000	250.
86	OND	12	N	   1.500	 999.000	250.
86	OND	14	N	   1.500	 999.000	250.
86	OND	15	N	   1.500	 999.000	250.
86	OND	17	N	   1.500	 999.000	250.
86	OND	19	N	   1.500	 999.000	250.
86	OND	20	N	   1.500	 999.000	250.
86	OND	21	N	   1.500	 999.000	250.
86	OND	23	N	   1.500	 999.000	250.
86	OND	25	N	   1.500	 999.000	250.
86	OND	29	N	   1.500	 999.000	250.
86	OND	33	N	   1.500	 999.000	250.
86	OND	34	N	   1.500	 999.000	250.
86	OND	35	N	   1.500	 999.000	250.
86	OND	37	N	   1.500	 999.000	250.
86	OND	39	N	   1.500	 999.000	250.
86	OND	40	N	   1.500	 999.000	250.
86	OND	44	N	   1.500	 999.000	250.
86	OND	45	N	   1.214	   2.214	250.
86	OND	46	N	   1.500	 999.000	250.
86	OND	47	N	   1.500	 999.000	250.
86	OND	48	N	   1.500	 999.000	250.
86	OND	52	N	   1.500	 999.000	250.
86	OND	54	N	   1.500	 999.000	250.
86	OND	56	N	   1.500	 999.000	250.
86	OND	58	N	   1.500	 999.000	250.
86	OND	59	N	   1.500	 999.000	250.
86	OND	61	N	   1.500	 999.000	250.
86	OND	63	N	   1.500	 999.000	250.
86	OND	65	N	   1.500	 999.000	250.
86	OND	67	N	   1.500	 999.000	250.
86	OND	69	N	   1.500	 999.000	250.
86	OND	80	N	   0.000	   1.700	250.
86	OND	81	N	   0.000	   1.700	250.
86	OND	84	N	   0.000	   1.700	250.
86	OND	85	N	   0.000	   1.700	250.
86	OND	87	N	   0.000	   1.700	250.
86	OND	89	N	   0.000	   1.700	250.
86	OND	91	N	   0.000	   1.700	250.
86	OND	101	N	   1.256	   2.256	250.
86	OND	102	N	   1.500	 999.000	250.
86	OND	104	N	   1.331	   2.331	250.
86	OND	105	N	   1.500	 999.000	250.
86	OND	106	N	   1.500	 999.000	250.
86	OND	110	N	   1.500	 999.000	250.
86	OND	111	N	   1.500	 999.000	250.
86	OND	112	N	   1.500	 999.000	250.
86	OND	113	N	   1.500	 999.000	250.
86	OND	116	N	   1.500	 999.000	250.
86	OND	117	N	   1.500	 999.000	250.
86	OND	121	N	   1.500	 999.000	250.
86	OND	122	N	   1.500	 999.000	250.
86	OND	123	N	   1.500	 999.000	250.
86	OND	126	N	   1.500	 999.000	250.
86	OND	127	N	   1.500	 999.000	250.
86	OND	128	N	   1.500	 999.000	250.
86	OND	129	N	   1.500	 999.000	250.
86	OND	130	N	   1.440	   2.440	250.
86	OND	131	N	   1.366	   2.366	250.
86	OND	132	N	   1.500	 999.000	250.
86	OND	133	N	   1.500	 999.000	250.
86	OND	134	N	   1.500	 999.000	250.
86	OND	135	N	   1.415	   2.415	250.
86	OND	136	N	   1.500	 999.000	250.
86	OND	137	N	   1.478	   2.478	250.
86	OND	139	N	   1.500	 999.000	250.
86	OND	141	N	   1.500	 999.000	250.
86	OND	143	N	   1.027	   2.027	250.
86	OND	144	N	   1.276	   2.276	250.
86	OND	145	N	   1.326	   2.326	250.
86	OND	146	N	   1.386	   2.386	250.
110	OND	6	N	   1.292	   2.292	250.
110	OND	7	N	   1.467	   2.467	250.
110	OND	8	N	   1.500	 999.000	250.
110	OND	10	N	   1.500	 999.000	250.
110	OND	11	N	   1.500	 999.000	250.
110	OND	13	N	   1.500	 999.000	250.
110	OND	14	N	   1.500	 999.000	250.
110	OND	15	N	   1.500	 999.000	250.
110	OND	16	N	   1.500	 999.000	250.
110	OND	17	N	   1.500	 999.000	250.
110	OND	18	N	   1.396	   2.396	250.
110	OND	19	N	   1.500	 999.000	250.
110	OND	20	N	   1.419	   2.419	250.
110	OND	21	N	   1.347	   2.347	250.
110	OND	22	N	   1.500	 999.000	250.
110	OND	23	N	   1.500	 999.000	250.
110	OND	24	N	   1.500	 999.000	250.
110	OND	25	N	   1.500	 999.000	250.
110	OND	27	N	   1.500	 999.000	250.
110	OND	28	N	   1.500	 999.000	250.
110	OND	29	N	   1.500	 999.000	250.
110	OND	30	N	   1.201	   2.201	250.
110	OND	31	N	   1.500	 999.000	250.
110	OND	33	N	   1.488	   2.488	250.
110	OND	34	N	   1.257	   2.257	250.
110	OND	35	N	   1.429	   2.429	250.
110	OND	36	N	   1.252	   2.252	250.
110	OND	37	N	   1.167	   2.167	250.
110	OND	39	N	   1.047	   2.047	250.
110	OND	40	N	   1.130	   2.130	250.
110	OND	44	N	   1.500	 999.000	250.
110	OND	45	N	   1.197	   2.197	250.
110	OND	46	N	   1.500	 999.000	250.
110	OND	47	N	   1.500	 999.000	250.
110	OND	48	N	   1.500	 999.000	250.
110	OND	50	N	   1.500	 999.000	250.
110	OND	53	N	   1.500	 999.000	250.
110	OND	54	N	   1.492	   2.492	250.
110	OND	56	N	   1.500	 999.000	250.
110	OND	57	N	   1.500	 999.000	250.
110	OND	64	N	   1.500	 999.000	250.
110	OND	65	N	   1.500	 999.000	250.
110	OND	70	N	   1.500	 999.000	250.
110	OND	74	N	   1.500	 999.000	250.
110	OND	80	N	   1.500	 999.000	250.
110	OND	84	N	   1.500	 999.000	250.
110	OND	87	N	   1.500	 999.000	250.
110	OND	89	N	   1.500	 999.000	250.
110	OND	91	N	   1.500	 999.000	250.
110	OND	92	N	   1.346	   2.346	250.
110	OND	93	N	   1.401	   2.401	250.
110	OND	94	N	   1.124	   2.124	250.
110	OND	95	N	   1.249	   2.249	250.
110	OND	96	N	   1.500	 999.000	250.
110	OND	97	N	   1.500	 999.000	250.
110	OND	98	N	   1.500	 999.000	250.
110	OND	100	N	   1.500	 999.000	250.
110	OND	101	N	   1.317	   2.317	250.
110	OND	102	N	   1.175	   2.175	250.
110	OND	103	N	   1.071	   2.071	250.
110	OND	104	N	   0.983	   1.983	250.
110	OND	105	N	   1.073	   2.073	250.
110	OND	106	N	   0.000	   1.700	250.
110	OND	109	N	   0.000	   1.700	250.
110	OND	111	N	   0.000	   1.700	250.
110	OND	112	N	   0.000	   1.700	250.
110	OND	113	N	   0.000	   1.700	250.
110	OND	114	N	   0.000	   1.700	250.
110	OND	116	N	   0.000	   1.700	250.
110	OND	117	N	   0.000	   1.700	250.
110	OND	118	N	   1.011	   2.011	250.
110	OND	119	N	   0.999	   1.999	250.
110	OND	120	N	   1.081	   2.081	250.
110	OND	122	N	   1.064	   2.064	250.
110	OND	123	N	   1.375	   2.375	250.
110	OND	126	N	   1.500	 999.000	250.
110	OND	127	N	   1.500	 999.000	250.
110	OND	128	N	   1.500	 999.000	250.
110	OND	129	N	   1.500	 999.000	250.
110	OND	130	N	   1.500	 999.000	250.
110	OND	131	N	   1.500	 999.000	250.
110	OND	133	N	   1.500	 999.000	250.
110	OND	135	N	   1.500	 999.000	250.
110	OND	136	N	   1.500	 999.000	250.
110	OND	138	N	   1.500	 999.000	250.
110	OND	139	N	   1.500	 999.000	250.
110	OND	143	N	   1.500	 999.000	250.
117	OND	6	N	   1.500	 999.000	250.
117	OND	7	N	   1.500	 999.000	250.
117	OND	8	N	   1.500	 999.000	250.
117	OND	9	N	   1.500	 999.000	250.
117	OND	10	N	   1.500	 999.000	250.
117	OND	11	N	   1.500	 999.000	250.
117	OND	12	N	   1.500	 999.000	250.
117	OND	13	N	   1.500	 999.000	250.
117	OND	14	N	   1.292	   2.292	250.
117	OND	15	N	   1.193	   2.193	250.
117	OND	16	N	   1.466	   2.466	250.
117	OND	17	N	   1.331	   2.331	250.
117	OND	18	N	   1.108	   2.108	250.
117	OND	19	N	   1.272	   2.272	250.
117	OND	20	N	   1.500	 999.000	250.
117	OND	21	N	   1.500	 999.000	250.
117	OND	22	N	   1.471	   2.471	250.
117	OND	23	N	   1.500	 999.000	250.
117	OND	24	N	   1.500	 999.000	250.
117	OND	25	N	   1.500	 999.000	250.
117	OND	26	N	   1.500	 999.000	250.
117	OND	27	N	   1.500	 999.000	250.
117	OND	28	N	   1.500	 999.000	250.
117	OND	29	N	   1.500	 999.000	250.
117	OND	30	N	   1.500	 999.000	250.
117	OND	31	N	   1.500	 999.000	250.
117	OND	34	N	   1.500	 999.000	250.
117	OND	35	N	   1.500	 999.000	250.
117	OND	36	N	   1.500	 999.000	250.
117	OND	37	N	   1.500	 999.000	250.
117	OND	39	N	   1.500	 999.000	250.
117	OND	40	N	   1.500	 999.000	250.
117	OND	45	N	   1.451	   2.451	250.
117	OND	46	N	   1.500	 999.000	250.
117	OND	47	N	   1.500	 999.000	250.
117	OND	48	N	   1.500	 999.000	250.
117	OND	49	N	   1.500	 999.000	250.
117	OND	50	N	   1.500	 999.000	250.
117	OND	52	N	   1.500	 999.000	250.
117	OND	53	N	   1.500	 999.000	250.
117	OND	54	N	   1.500	 999.000	250.
117	OND	55	N	   1.500	 999.000	250.
117	OND	56	N	   1.500	 999.000	250.
117	OND	57	N	   1.500	 999.000	250.
117	OND	58	N	   1.500	 999.000	250.
117	OND	59	N	   1.500	 999.000	250.
117	OND	60	N	   1.500	 999.000	250.
117	OND	61	N	   1.500	 999.000	250.
117	OND	62	N	   1.500	 999.000	250.
117	OND	65	N	   1.500	 999.000	250.
117	OND	67	N	   1.500	 999.000	250.
117	OND	69	N	   1.500	 999.000	250.
117	OND	70	N	   1.500	 999.000	250.
117	OND	74	N	   1.500	 999.000	250.
117	OND	81	N	   1.500	 999.000	250.
117	OND	84	N	   1.500	 999.000	250.
117	OND	85	N	   1.500	 999.000	250.
117	OND	87	N	   1.500	 999.000	250.
117	OND	89	N	   1.500	 999.000	250.
117	OND	91	N	   1.500	 999.000	250.
117	OND	94	N	   1.500	 999.000	250.
117	OND	95	N	   1.500	 999.000	250.
117	OND	96	N	   1.500	 999.000	250.
117	OND	97	N	   1.500	 999.000	250.
117	OND	98	N	   1.495	   2.495	250.
117	OND	100	N	   1.500	 999.000	250.
117	OND	101	N	   1.500	 999.000	250.
117	OND	102	N	   1.500	 999.000	250.
117	OND	103	N	   1.320	   2.320	250.
117	OND	104	N	   1.423	   2.423	250.
117	OND	105	N	   1.338	   2.338	250.
117	OND	106	N	   1.184	   2.184	250.
117	OND	109	N	   1.060	   2.060	250.
117	OND	110	N	   0.908	   1.908	250.
117	OND	111	N	   0.000	   1.700	250.
117	OND	112	N	   0.000	   1.700	250.
117	OND	113	N	   0.000	   1.700	250.
117	OND	114	N	   0.000	   1.700	250.
117	OND	116	N	   0.000	   1.700	250.
117	OND	118	N	   0.000	   1.700	250.
117	OND	119	N	   0.000	   1.700	250.
117	OND	120	N	   0.000	   1.700	250.
117	OND	121	N	   0.000	   1.700	250.
117	OND	122	N	   0.000	   1.700	250.
117	OND	123	N	   0.000	   1.700	250.
117	OND	126	N	   1.258	   2.258	250.
117	OND	127	N	   1.316	   2.316	250.
117	OND	128	N	   1.420	   2.420	250.
117	OND	129	N	   1.500	 999.000	250.
117	OND	130	N	   1.500	 999.000	250.
117	OND	131	N	   1.500	 999.000	250.
117	OND	132	N	   1.500	 999.000	250.
117	OND	133	N	   1.500	 999.000	250.
117	OND	134	N	   1.500	 999.000	250.
117	OND	135	N	   1.500	 999.000	250.
117	OND	136	N	   1.500	 999.000	250.
117	OND	139	N	   1.500	 999.000	250.
117	OND	143	N	   1.500	 999.000	250.
117	OND	146	N	   1.500	 999.000	250.
127	OND	7	N	   1.337	   2.337	250.
127	OND	8	N	   1.295	   2.295	250.
127	OND	9	N	   1.500	 999.000	250.
127	OND	10	N	   1.497	   2.497	250.
127	OND	11	N	   1.318	   2.318	250.
127	OND	12	N	   1.452	   2.452	250.
127	OND	13	N	   1.500	 999.000	250.
127	OND	14	N	   1.500	 999.000	250.
127	OND	15	N	   1.500	 999.000	250.
127	OND	16	N	   1.500	 999.000	250.
127	OND	17	N	   1.500	 999.000	250.
127	OND	18	N	   1.500	 999.000	250.
127	OND	19	N	   1.500	 999.000	250.
127	OND	20	N	   1.500	 999.000	250.
127	OND	21	N	   1.500	 999.000	250.
127	OND	22	N	   1.500	 999.000	250.
127	OND	24	N	   1.500	 999.000	250.
127	OND	25	N	   1.500	 999.000	250.
127	OND	28	N	   1.500	 999.000	250.
127	OND	29	N	   1.500	 999.000	250.
127	OND	30	N	   1.500	 999.000	250.
127	OND	31	N	   1.500	 999.000	250.
127	OND	33	N	   1.500	 999.000	250.
127	OND	34	N	   1.500	 999.000	250.
127	OND	35	N	   1.500	 999.000	250.
127	OND	36	N	   1.500	 999.000	250.
127	OND	37	N	   1.500	 999.000	250.
127	OND	39	N	   1.500	 999.000	250.
127	OND	40	N	   1.500	 999.000	250.
127	OND	44	N	   1.500	 999.000	250.
127	OND	46	N	   1.500	 999.000	250.
127	OND	47	N	   1.500	 999.000	250.
127	OND	48	N	   1.500	 999.000	250.
127	OND	49	N	   1.500	 999.000	250.
127	OND	50	N	   1.500	 999.000	250.
127	OND	52	N	   1.500	 999.000	250.
127	OND	53	N	   1.500	 999.000	250.
127	OND	54	N	   1.500	 999.000	250.
127	OND	55	N	   1.500	 999.000	250.
127	OND	56	N	   1.500	 999.000	250.
127	OND	57	N	   1.500	 999.000	250.
127	OND	58	N	   1.500	 999.000	250.
127	OND	59	N	   1.500	 999.000	250.
127	OND	60	N	   1.500	 999.000	250.
127	OND	61	N	   1.500	 999.000	250.
127	OND	63	N	   1.500	 999.000	250.
127	OND	69	N	   1.463	   2.463	250.
127	OND	70	N	   1.500	 999.000	250.
127	OND	80	N	   1.500	 999.000	250.
127	OND	81	N	   1.500	 999.000	250.
127	OND	84	N	   1.500	 999.000	250.
127	OND	85	N	   1.500	 999.000	250.
127	OND	87	N	   1.500	 999.000	250.
127	OND	89	N	   1.500	 999.000	250.
127	OND	91	N	   1.500	 999.000	250.
127	OND	92	N	   1.500	 999.000	250.
127	OND	93	N	   1.500	 999.000	250.
127	OND	94	N	   1.500	 999.000	250.
127	OND	95	N	   1.500	 999.000	250.
127	OND	97	N	   1.500	 999.000	250.
127	OND	98	N	   1.500	 999.000	250.
127	OND	100	N	   1.382	   2.382	250.
127	OND	101	N	   1.495	   2.495	250.
127	OND	102	N	   1.251	   2.251	250.
127	OND	103	N	   1.293	   2.293	250.
127	OND	105	N	   1.450	   2.450	250.
127	OND	106	N	   1.388	   2.388	250.
127	OND	109	N	   1.500	 999.000	250.
127	OND	110	N	   1.500	 999.000	250.
127	OND	111	N	   1.500	 999.000	250.
127	OND	112	N	   1.500	 999.000	250.
127	OND	113	N	   1.500	 999.000	250.
127	OND	114	N	   1.500	 999.000	250.
127	OND	116	N	   0.000	   1.700	250.
127	OND	117	N	   0.000	   1.700	250.
127	OND	118	N	   0.000	   1.700	250.
127	OND	119	N	   0.000	   1.700	250.
127	OND	120	N	   0.000	   1.700	250.
127	OND	121	N	   0.000	   1.700	250.
127	OND	122	N	   0.000	   1.700	250.
127	OND	123	N	   0.000	   1.700	250.
127	OND	126	N	   0.000	   1.700	250.
127	OND	128	N	   0.000	   1.700	250.
127	OND	129	N	   0.000	   1.700	250.
127	OND	130	N	   0.000	   1.700	250.
127	OND	131	N	   0.860	   1.860	250.
127	OND	132	N	   0.964	   1.964	250.
127	OND	133	N	   1.007	   2.007	250.
127	OND	134	N	   0.972	   1.972	250.
127	OND	135	N	   1.059	   2.059	250.
127	OND	136	N	   1.122	   2.122	250.
127	OND	137	N	   1.043	   2.043	250.
127	OND	138	N	   1.316	   2.316	250.
127	OND	139	N	   1.255	   2.255	250.
127	OND	141	N	   0.955	   1.955	250.
127	OND	143	N	   0.000	   1.700	250.
127	OND	144	N	   0.000	   1.700	250.
127	OND	145	N	   0.000	   1.700	250.
127	OND	146	N	   0.000	   1.700	250.
127	OND	160	N	   0.853	   1.853	250.
127	OND	161	N	   0.994	   1.994	250.
127	OND	162	N	   0.998	   1.998	250.
127	OND	163	N	   1.428	   2.428	250.
127	OND	164	N	   1.472	   2.472	250.
127	OND	165	N	   1.500	 999.000	250.
127	OND	167	N	   1.500	 999.000	250.
127	OND	168	N	   1.500	 999.000	250.
127	OND	171	N	   1.500	 999.000	250.
127	OND	172	N	   1.500	 999.000	250.
143	OND	6	N	   1.351	   2.351	250.
143	OND	7	N	   1.363	   2.363	250.
143	OND	8	N	   1.500	 999.000	250.
143	OND	9	N	   1.500	 999.000	250.
143	OND	10	N	   1.500	 999.000	250.
143	OND	11	N	   1.371	   2.371	250.
143	OND	12	N	   1.500	 999.000	250.
143	OND	13	N	   1.500	 999.000	250.
143	OND	14	N	   1.500	 999.000	250.
143	OND	15	N	   1.500	 999.000	250.
143	OND	16	N	   1.500	 999.000	250.
143	OND	18	N	   1.500	 999.000	250.
143	OND	23	N	   1.500	 999.000	250.
143	OND	25	N	   1.500	 999.000	250.
143	OND	27	N	   1.500	 999.000	250.
143	OND	29	N	   1.500	 999.000	250.
143	OND	33	N	   1.500	 999.000	250.
143	OND	34	N	   1.500	 999.000	250.
143	OND	35	N	   1.500	 999.000	250.
143	OND	36	N	   1.500	 999.000	250.
143	OND	39	N	   1.500	 999.000	250.
143	OND	40	N	   1.500	 999.000	250.
143	OND	46	N	   1.500	 999.000	250.
143	OND	47	N	   1.500	 999.000	250.
143	OND	48	N	   1.500	 999.000	250.
143	OND	50	N	   1.500	 999.000	250.
143	OND	52	N	   1.500	 999.000	250.
143	OND	54	N	   1.500	 999.000	250.
143	OND	55	N	   1.500	 999.000	250.
143	OND	57	N	   1.500	 999.000	250.
143	OND	61	N	   1.500	 999.000	250.
143	OND	64	N	   1.500	 999.000	250.
143	OND	65	N	   1.500	 999.000	250.
143	OND	69	N	   1.500	 999.000	250.
143	OND	70	N	   1.500	 999.000	250.
143	OND	71	N	   1.500	 999.000	250.
143	OND	74	N	   1.500	 999.000	250.
143	OND	80	N	   1.229	   2.229	250.
143	OND	81	N	   1.152	   2.152	250.
143	OND	84	N	   1.405	   2.405	250.
143	OND	85	N	   1.220	   2.220	250.
143	OND	87	N	   1.332	   2.332	250.
143	OND	89	N	   1.226	   2.226	250.
143	OND	91	N	   1.500	 999.000	250.
143	OND	92	N	   1.500	 999.000	250.
143	OND	93	N	   1.500	 999.000	250.
143	OND	94	N	   1.500	 999.000	250.
143	OND	95	N	   1.500	 999.000	250.
143	OND	96	N	   1.500	 999.000	250.
143	OND	97	N	   1.500	 999.000	250.
143	OND	98	N	   1.500	 999.000	250.
143	OND	100	N	   1.196	   2.196	250.
143	OND	101	N	   1.443	   2.443	250.
143	OND	102	N	   1.500	 999.000	250.
143	OND	103	N	   1.388	   2.388	250.
143	OND	104	N	   1.500	 999.000	250.
143	OND	105	N	   1.500	 999.000	250.
143	OND	106	N	   1.500	 999.000	250.
143	OND	109	N	   1.500	 999.000	250.
143	OND	110	N	   1.500	 999.000	250.
143	OND	111	N	   1.500	 999.000	250.
143	OND	112	N	   1.500	 999.000	250.
143	OND	113	N	   1.500	 999.000	250.
143	OND	114	N	   1.500	 999.000	250.
143	OND	116	N	   1.500	 999.000	250.
143	OND	117	N	   1.500	 999.000	250.
143	OND	118	N	   1.236	   2.236	250.
143	OND	119	N	   1.500	 999.000	250.
143	OND	120	N	   1.500	 999.000	250.
143	OND	121	N	   1.500	 999.000	250.
143	OND	122	N	   1.500	 999.000	250.
143	OND	123	N	   1.500	 999.000	250.
143	OND	126	N	   1.265	   2.265	250.
143	OND	127	N	   1.077	   2.077	250.
143	OND	128	N	   1.039	   2.039	250.
143	OND	129	N	   1.113	   2.113	250.
143	OND	130	N	   0.000	   1.700	250.
143	OND	131	N	   0.000	   1.700	250.
143	OND	132	N	   0.000	   1.700	250.
143	OND	133	N	   1.076	   2.076	250.
143	OND	134	N	   1.200	   2.200	250.
143	OND	135	N	   1.226	   2.226	250.
143	OND	136	N	   1.146	   2.146	250.
143	OND	137	N	   1.124	   2.124	250.
143	OND	138	N	   1.012	   2.012	250.
143	OND	139	N	   0.000	   1.700	250.
143	OND	141	N	   0.000	   1.700	250.
143	OND	144	N	   0.000	   1.700	250.
143	OND	145	N	   0.000	   1.700	250.
143	OND	146	N	   0.000	   1.700	250.
149	OND	7	N	   0.992	   1.992	250.
149	OND	8	N	   0.000	   1.700	250.
149	OND	9	N	   1.140	   2.140	250.
149	OND	10	N	   0.942	   1.942	250.
149	OND	11	N	   1.319	   2.319	250.
149	OND	12	N	   1.252	   2.252	250.
149	OND	13	N	   1.054	   2.054	250.
149	OND	14	N	   1.062	   2.062	250.
149	OND	15	N	   1.061	   2.061	250.
149	OND	16	N	   1.263	   2.263	250.
149	OND	17	N	   1.445	   2.445	250.
149	OND	18	N	   1.500	 999.000	250.
149	OND	19	N	   1.500	 999.000	250.
149	OND	20	N	   1.500	 999.000	250.
149	OND	22	N	   1.500	 999.000	250.
149	OND	23	N	   1.500	 999.000	250.
149	OND	28	N	   1.500	 999.000	250.
149	OND	29	N	   1.500	 999.000	250.
149	OND	30	N	   1.500	 999.000	250.
149	OND	31	N	   1.500	 999.000	250.
149	OND	33	N	   1.500	 999.000	250.
149	OND	34	N	   1.500	 999.000	250.
149	OND	35	N	   1.500	 999.000	250.
149	OND	37	N	   1.500	 999.000	250.
149	OND	39	N	   1.500	 999.000	250.
149	OND	40	N	   1.500	 999.000	250.
149	OND	44	N	   1.500	 999.000	250.
149	OND	45	N	   1.500	 999.000	250.
149	OND	46	N	   1.500	 999.000	250.
149	OND	47	N	   1.500	 999.000	250.
149	OND	48	N	   1.500	 999.000	250.
149	OND	49	N	   1.500	 999.000	250.
149	OND	50	N	   1.500	 999.000	250.
149	OND	52	N	   1.500	 999.000	250.
149	OND	53	N	   1.500	 999.000	250.
149	OND	54	N	   1.500	 999.000	250.
149	OND	55	N	   1.500	 999.000	250.
149	OND	56	N	   1.500	 999.000	250.
149	OND	58	N	   1.500	 999.000	250.
149	OND	59	N	   1.500	 999.000	250.
149	OND	60	N	   1.500	 999.000	250.
149	OND	61	N	   1.500	 999.000	250.
149	OND	64	N	   1.500	 999.000	250.
149	OND	65	N	   1.500	 999.000	250.
149	OND	67	N	   1.500	 999.000	250.
149	OND	69	N	   0.000	   1.700	250.
149	OND	70	N	   0.000	   1.700	250.
149	OND	71	N	   0.000	   1.700	250.
149	OND	74	N	   0.000	   1.700	250.
149	OND	80	N	   1.033	   2.033	250.
149	OND	81	N	   1.324	   2.324	250.
149	OND	84	N	   1.030	   2.030	250.
149	OND	85	N	   1.354	   2.354	250.
149	OND	87	N	   1.206	   2.206	250.
149	OND	89	N	   1.159	   2.159	250.
149	OND	91	N	   1.467	   2.467	250.
149	OND	92	N	   1.451	   2.451	250.
149	OND	93	N	   1.500	 999.000	250.
149	OND	94	N	   1.500	 999.000	250.
149	OND	95	N	   1.500	 999.000	250.
149	OND	96	N	   1.500	 999.000	250.
149	OND	97	N	   1.500	 999.000	250.
149	OND	98	N	   1.500	 999.000	250.
149	OND	100	N	   1.500	 999.000	250.
149	OND	101	N	   1.500	 999.000	250.
149	OND	102	N	   1.500	 999.000	250.
149	OND	103	N	   1.500	 999.000	250.
149	OND	105	N	   1.500	 999.000	250.
149	OND	106	N	   1.500	 999.000	250.
149	OND	109	N	   1.500	 999.000	250.
149	OND	110	N	   1.500	 999.000	250.
149	OND	113	N	   1.500	 999.000	250.
149	OND	114	N	   1.500	 999.000	250.
149	OND	116	N	   1.500	 999.000	250.
149	OND	117	N	   1.500	 999.000	250.
149	OND	118	N	   1.500	 999.000	250.
149	OND	119	N	   1.500	 999.000	250.
149	OND	120	N	   1.500	 999.000	250.
149	OND	121	N	   1.500	 999.000	250.
149	OND	122	N	   1.500	 999.000	250.
149	OND	123	N	   1.500	 999.000	250.
149	OND	126	N	   1.295	   2.295	250.
149	OND	128	N	   1.032	   2.032	250.
149	OND	129	N	   0.998	   1.998	250.
149	OND	130	N	   0.958	   1.958	250.
149	OND	131	N	   1.127	   2.127	250.
149	OND	132	N	   1.313	   2.313	250.
149	OND	133	N	   1.500	 999.000	250.
149	OND	134	N	   1.500	 999.000	250.
149	OND	135	N	   1.500	 999.000	250.
149	OND	136	N	   1.500	 999.000	250.
149	OND	137	N	   1.437	   2.437	250.
149	OND	138	N	   1.451	   2.451	250.
149	OND	139	N	   1.136	   2.136	250.
149	OND	141	N	   0.000	   1.700	250.
149	OND	143	N	   0.000	   1.700	250.
149	OND	144	N	   0.000	   1.700	250.
149	OND	145	N	   0.000	   1.700	250.
149	OND	146	N	   0.000	   1.700	250.
149	OND	160	N	   0.945	   1.945	250.
149	OND	161	N	   1.063	   2.063	250.
149	OND	162	N	   1.098	   2.098	250.
149	OND	163	N	   1.134	   2.134	250.
149	OND	164	N	   1.089	   2.089	250.
149	OND	165	N	   1.023	   2.023	250.
149	OND	168	N	   1.323	   2.323	250.
149	OND	171	N	   1.429	   2.429	250.
149	OND	172	N	   1.437	   2.437	250.
