REMARK  Predicted order parameter (S2) from backbone chemical shifts for talos_shifts.tbl
REMARK    from David Wishart's RCI method, JACS, 127(43), 14970-14971

VARS RESID RESNAME CS_CNT CS_CNT_R2 S2 
FORMAT %4d %1s %2d %2d %8.3f 

    2 D  7  3    0.568
    3 Q 11  4    0.577
    4 L 12  4    0.651
    5 T 12  4    0.747
    6 E 12  4    0.871
    7 E 12  4    0.900
    8 Q 12  4    0.910
    9 I 12  4    0.914
   10 A 12  4    0.918
   11 E 12  4    0.914
   12 F 12  4    0.908
   13 K 12  4    0.902
   14 E 12  4    0.904
   15 A 12  4    0.898
   16 F 12  4    0.888
   17 S 12  4    0.860
   18 L 12  4    0.834
   19 F 12  4    0.817
   20 D 12  4    0.813
   21 K 12  4    0.812
   22 D 11  4    0.806
   23 G 11  3    0.783
   24 D 10  4    0.792
   25 G 11  3    0.808
   26 T 11  4    0.853
   27 I 12  4    0.867
   28 T 12  4    0.885
   29 T 12  4    0.894
   30 K 12  4    0.896
   31 E 12  4    0.888
   32 L 11  4    0.884
   33 G 11  3    0.890
   34 T 11  4    0.907
   35 V 12  4    0.916
   36 M 12  4    0.916
   37 R 11  4    0.899
   38 S 11  3    0.856
   39 L 10  4    0.815
   40 G 11  3    0.751
   41 Q 10  4    0.735
   42 N 10  3    0.718
   43 P 10  3    0.764
   44 T 11  4    0.806
   45 E 12  4    0.872
   46 A 12  4    0.893
   47 E 12  4    0.897
   48 L 12  4    0.895
   49 Q 12  4    0.904
   50 D 12  4    0.914
   51 M 12  4    0.920
   52 I 12  4    0.919
   53 N 12  4    0.910
   54 E 12  4    0.881
   55 V 12  4    0.849
   56 D 12  4    0.809
   57 A 12  4    0.798
   58 D 11  4    0.777
   59 G 11  3    0.765
   60 N 10  4    0.769
   61 G 11  3    0.793
   62 T 11  4    0.834
   63 I 12  4    0.856
   64 D 12  4    0.882
   65 F  8  4    0.891
   66 P  8  0    0.895
   67 E  8  4    0.891
   68 F 12  4    0.896
   69 L 12  4    0.903
   70 T 12  4    0.912
   71 M 12  4    0.905
   72 M 12  4    0.880
   73 A 12  4    0.749
   74 R 12  4    0.654
   75 K 12  4    0.568
   76 M 12  4    0.617
   77 K  8  4    0.634
   78 D  7  0    0.832
   79 T  7  3    0.903
   80 D 11  4    0.901
   81 S 12  4    0.896
   82 E 12  4    0.897
   83 E 12  4    0.898
   84 E 12  4    0.899
   85 I 12  4    0.883
   86 R 12  4    0.869
   87 E 12  4    0.867
   88 A 12  4    0.883
   89 F 12  4    0.896
   90 R 12  4    0.900
   91 V 12  4    0.890
   92 F 12  4    0.881
   93 D 12  4    0.865
   94 K 12  4    0.850
   95 D 11  4    0.801
   96 G 11  3    0.739
   97 N 10  4    0.735
   98 G 11  3    0.775
   99 Y 11  4    0.861
  100 I 12  4    0.888
  101 S 12  4    0.901
  102 A 12  4    0.904
  103 A 12  4    0.903
  104 E 12  4    0.899
  105 L 12  4    0.901
  106 R 12  4    0.913
  107 H 12  4    0.926
  108 V 12  4    0.930
  109 M 12  4    0.924
  110 T 12  4    0.900
  111 N 11  4    0.842
  112 L 10  3    0.759
  113 G 10  3    0.713
  114 E 11  4    0.715
  115 K 12  4    0.755
  116 L 12  4    0.810
  117 T 12  4    0.855
  118 D 12  4    0.900
  119 E 12  4    0.913
  120 E 12  4    0.922
  121 V 12  4    0.922
  122 D 12  4    0.926
  123 E 12  4    0.917
  124 M 12  4    0.915
  125 I 12  4    0.907
  126 R 12  4    0.905
  127 E 12  4    0.867
  128 A 12  4    0.840
  129 D 12  4    0.824
  130 I 12  4    0.838
  131 D 11  4    0.842
  132 G 11  3    0.822
  133 D 10  4    0.822
  134 G 11  3    0.835
  135 Q 11  4    0.874
  136 V 12  4    0.889
  137 N 12  4    0.907
  138 Y 12  4    0.918
  139 E 12  4    0.925
  140 E 12  4    0.922
  141 F 12  4    0.920
  142 V 12  4    0.912
  143 Q 12  4    0.885
  144 M 12  4    0.820
  145 M 12  4    0.732
  146 T 12  4    0.648
  147 A 12  4    0.591
  148 K  8  4    0.568
