REMARK  Neural network secondary structure prediction for talos_shifts.tbl
REMARK     H-Helix    E-Strand   L-Coil 

DATA FIRST_RESID 1

DATA SEQUENCE     DQLTEEQIAE FKEAFSLFDK DGDGTITTKE LGTVMRSLGQ NPTEAELQDM 
DATA PREDICTED_SS LLLLHHHHHH HHHHHHHHLL LLLLEELHHH HHHHHHHHLL LLLHHHHHHH 
DATA CONFIDENCE   0768799999 9999998368 8896467799 9999998468 9958999999 

DATA SEQUENCE     INEVDADGNG TIDFPEFLTM MARKMKDTDS EEEIREAFRV FDKDGNGYIS 
DATA PREDICTED_SS HHHLLLLLLL LEEHHHHHHH HHLLLLLHHH HHHHHHHHHH HLLLLLLEEE 
DATA CONFIDENCE   9853788899 2605999999 9657685699 9999637999 6488994682 


DATA SEQUENCE     AAELRHVMTN LGEKLTDEEV DEMIREADID GDGQVNYEEF VQMMTAK
DATA PREDICTED_SS HHHHHHHHHH LLLEELHHHH HHHHHHLLLL LLLEELHHHH HHHLLLL
DATA CONFIDENCE   9999999997 4824378999 9999971756 7975819999 9972770

VARS RESID RESNAME CS_CNT CS_CNT_R2 Q_H Q_E Q_L CONFIDENCE SS_CLASS
FORMAT %4d %1s %2d %2d %8.3f %8.3f %8.3f %4.2f %s

    2 D  7  3    0.333    0.333    0.333 0.00 L
    3 Q 11  4    0.108    0.049    0.843 0.73 L
    4 L 12  4    0.007    0.165    0.827 0.66 L
    5 T 12  4    0.056    0.061    0.883 0.82 L
    6 E 12  4    0.891    0.011    0.098 0.79 H
    7 E 12  4    0.996    0.000    0.004 0.99 H
    8 Q 12  4    0.993    0.002    0.005 0.99 H
    9 I 12  4    0.996    0.000    0.004 0.99 H
   10 A 12  4    0.994    0.001    0.004 0.99 H
   11 E 12  4    0.991    0.004    0.005 0.99 H
   12 F 12  4    0.995    0.003    0.002 0.99 H
   13 K 12  4    0.995    0.003    0.002 0.99 H
   14 E 12  4    0.997    0.003    0.000 0.99 H
   15 A 12  4    0.992    0.001    0.008 0.98 H
   16 F 12  4    0.986    0.002    0.012 0.97 H
   17 S 12  4    0.983    0.000    0.017 0.97 H
   18 L 12  4    0.920    0.000    0.080 0.84 H
   19 F 12  4    0.661    0.000    0.339 0.32 H
   20 D 12  4    0.158    0.007    0.835 0.68 L
   21 K 12  4    0.052    0.028    0.920 0.87 L
   22 D 11  4    0.045    0.026    0.928 0.88 L
   23 G 11  3    0.040    0.027    0.932 0.89 L
   24 D 10  4    0.016    0.026    0.958 0.93 L
   25 G 11  3    0.000    0.161    0.839 0.68 L
   26 T 11  4    0.000    0.725    0.275 0.45 E
   27 I 12  4    0.001    0.807    0.192 0.61 E
   28 T 12  4    0.000    0.148    0.852 0.70 L
   29 T 12  4    0.863    0.022    0.115 0.75 H
   30 K 12  4    0.989    0.000    0.011 0.98 H
   31 E 12  4    0.993    0.000    0.007 0.99 H
   32 L 11  4    0.982    0.000    0.018 0.96 H
   33 G 11  3    0.974    0.005    0.022 0.95 H
   34 T 11  4    0.992    0.000    0.008 0.98 H
   35 V 12  4    0.999    0.000    0.001 1.00 H
   36 M 12  4    0.992    0.000    0.008 0.98 H
   37 R 11  4    0.982    0.000    0.018 0.96 H
   38 S 11  3    0.931    0.000    0.069 0.86 H
   39 L 10  4    0.705    0.000    0.295 0.41 H
   40 G 11  3    0.165    0.012    0.823 0.66 L
   41 Q 10  4    0.013    0.045    0.942 0.90 L
   42 N 10  3    0.002    0.042    0.955 0.91 L
   43 P 10  3    0.010    0.037    0.953 0.92 L
   44 T 11  4    0.204    0.048    0.749 0.54 L
   45 E 12  4    0.911    0.001    0.087 0.82 H
   46 A 12  4    0.994    0.000    0.006 0.99 H
   47 E 12  4    0.989    0.003    0.008 0.98 H
   48 L 12  4    0.994    0.000    0.006 0.99 H
   49 Q 12  4    0.991    0.003    0.006 0.99 H
   50 D 12  4    0.995    0.001    0.004 0.99 H
   51 M 12  4    0.993    0.000    0.007 0.99 H
   52 I 12  4    0.988    0.000    0.012 0.98 H
   53 N 12  4    0.950    0.000    0.050 0.90 H
   54 E 12  4    0.778    0.000    0.222 0.56 H
   55 V 12  4    0.332    0.009    0.659 0.33 L
   56 D 12  4    0.040    0.084    0.876 0.79 L
   57 A 12  4    0.037    0.075    0.888 0.81 L
   58 D 11  4    0.038    0.027    0.936 0.90 L
   59 G 11  3    0.051    0.038    0.911 0.86 L
   60 N 10  4    0.022    0.016    0.962 0.94 L
   61 G 11  3    0.000    0.045    0.955 0.91 L
   62 T 11  4    0.000    0.378    0.622 0.24 L
   63 I 12  4    0.000    0.818    0.182 0.64 E
   64 D 12  4    0.005    0.525    0.470 0.06 E
   65 F  8  4    0.768    0.047    0.185 0.58 H
   66 P  8  0    0.965    0.002    0.034 0.93 H
   67 E  8  4    0.977    0.000    0.023 0.95 H
   68 F 12  4    0.987    0.002    0.011 0.98 H
   69 L 12  4    0.992    0.001    0.006 0.99 H
   70 T 12  4    0.995    0.001    0.004 0.99 H
   71 M 12  4    0.992    0.000    0.008 0.98 H
   72 M 12  4    0.969    0.000    0.031 0.94 H
   73 A 12  4    0.810    0.000    0.190 0.62 H
   74 R 12  4    0.239    0.003    0.757 0.52 L
   75 K 12  4    0.036    0.101    0.864 0.76 L
   76 M 12  4    0.027    0.160    0.813 0.65 L
   77 K  8  4    0.011    0.089    0.899 0.81 L
   78 D  7  0    0.216    0.029    0.755 0.54 L
   79 T  7  3    0.840    0.000    0.160 0.68 H
   80 D 11  4    0.976    0.001    0.023 0.95 H
   81 S 12  4    0.991    0.000    0.009 0.98 H
   82 E 12  4    0.993    0.001    0.006 0.99 H
   83 E 12  4    0.993    0.002    0.005 0.99 H
   84 E 12  4    0.993    0.001    0.006 0.99 H
   85 I 12  4    0.978    0.000    0.022 0.96 H
   86 R 12  4    0.844    0.000    0.156 0.69 H
   87 E 12  4    0.653    0.007    0.340 0.31 H
   88 A 12  4    0.886    0.000    0.114 0.77 H
   89 F 12  4    0.982    0.000    0.018 0.96 H
   90 R 12  4    0.988    0.000    0.012 0.98 H
   91 V 12  4    0.976    0.000    0.024 0.95 H
   92 F 12  4    0.804    0.000    0.196 0.61 H
   93 D 12  4    0.266    0.004    0.730 0.46 L
   94 K 12  4    0.078    0.026    0.895 0.82 L
   95 D 11  4    0.043    0.020    0.937 0.89 L
   96 G 11  3    0.028    0.028    0.945 0.92 L
   97 N 10  4    0.008    0.043    0.949 0.91 L
   98 G 11  3    0.000    0.296    0.704 0.41 L
   99 Y 11  4    0.000    0.819    0.181 0.64 E
  100 I 12  4    0.000    0.938    0.062 0.88 E
  101 S 12  4    0.025    0.608    0.366 0.24 E
  102 A 12  4    0.938    0.036    0.026 0.90 H
  103 A 12  4    0.989    0.000    0.011 0.98 H
  104 E 12  4    0.990    0.003    0.007 0.98 H
  105 L 12  4    0.996    0.001    0.003 0.99 H
  106 R 12  4    0.991    0.004    0.006 0.99 H
  107 H 12  4    0.995    0.002    0.003 0.99 H
  108 V 12  4    0.996    0.002    0.002 0.99 H
  109 M 12  4    0.992    0.000    0.008 0.98 H
  110 T 12  4    0.986    0.000    0.013 0.97 H
  111 N 11  4    0.873    0.000    0.127 0.75 H
  112 L 10  3    0.284    0.000    0.716 0.43 L
  113 G 10  3    0.023    0.068    0.909 0.84 L
  114 E 11  4    0.000    0.356    0.644 0.29 L
  115 K 12  4    0.000    0.743    0.257 0.49 E
  116 L 12  4    0.016    0.646    0.338 0.31 E
  117 T 12  4    0.033    0.110    0.857 0.75 L
  118 D 12  4    0.893    0.015    0.091 0.80 H
  119 E 12  4    0.996    0.000    0.004 0.99 H
  120 E 12  4    0.995    0.002    0.003 0.99 H
  121 V 12  4    0.996    0.001    0.003 0.99 H
  122 D 12  4    0.994    0.002    0.004 0.99 H
  123 E 12  4    0.996    0.002    0.002 0.99 H
  124 M 12  4    0.992    0.001    0.007 0.99 H
  125 I 12  4    0.994    0.000    0.006 0.99 H
  126 R 12  4    0.974    0.000    0.026 0.95 H
  127 E 12  4    0.857    0.000    0.143 0.71 H
  128 A 12  4    0.436    0.000    0.564 0.13 L
  129 D 12  4    0.120    0.048    0.832 0.71 L
  130 I 12  4    0.187    0.112    0.701 0.51 L
  131 D 11  4    0.171    0.036    0.793 0.62 L
  132 G 11  3    0.127    0.036    0.838 0.71 L
  133 D 10  4    0.039    0.015    0.945 0.91 L
  134 G 11  3    0.003    0.129    0.867 0.74 L
  135 Q 11  4    0.000    0.769    0.231 0.54 E
  136 V 12  4    0.000    0.924    0.076 0.85 E
  137 N 12  4    0.061    0.413    0.526 0.11 L
  138 Y 12  4    0.959    0.021    0.020 0.94 H
  139 E 12  4    0.992    0.000    0.008 0.98 H
  140 E 12  4    0.992    0.004    0.005 0.99 H
  141 F 12  4    0.994    0.003    0.004 0.99 H
  142 V 12  4    0.997    0.000    0.003 0.99 H
  143 Q 12  4    0.985    0.000    0.015 0.97 H
  144 M 12  4    0.853    0.000    0.147 0.71 H
  145 M 12  4    0.351    0.000    0.649 0.30 L
  146 T 12  4    0.099    0.036    0.865 0.77 L
  147 A 12  4    0.085    0.068    0.847 0.76 L
  148 K  8  4    0.333    0.333    0.333 0.00 L
