17	5	THR	1.98099770032
17	6	GLU	1.73167613797
17	7	GLU	1.66232235606
17	8	GLN	1.68498039501
17	9	ILE	1.4761521424
17	10	ALA	1.2145532542
17	11	GLU	1.24863455406
17	12	PHE	1.32037098971
17	13	LYS	1.04911823162
17	14	GLU	0.885914636235
17	15	ALA	1.12530174331
17	16	PHE	1.1074831549
17	17	SER	0.867895932432
17	18	LEU	0.932187564484
17	19	PHE	1.11008969542
17	20	ASP	1.0159019419
17	21	LYS	0.950988164593
17	22	ASP	0.897710974254
17	23	GLY	0.69157625128
17	24	ASP	0.614318761438
17	25	GLY	0.49131385609
17	26	THR	0.71652340987
17	27	ILE	1.078497459
17	28	THR	1.30505748351
17	29	THR	1.66154022028
17	30	LYS	1.8211784157
17	31	GLU	1.63883241495
17	32	LEU	1.64744193797
17	33	GLY	1.9173029675
17	34	THR	1.9189343367
17	35	VAL	1.77414300192
17	36	MET	1.98322533994
17	37	ARG	2.21588015139
17	38	SER	2.13574219725
17	39	LEU	2.16966127437
17	40	GLY	2.44650541997
17	41	GLN	2.58183934348
17	42	ASN	2.70399237441
17	43	PRO	2.64393926808
17	44	THR	2.79334067859
17	45	GLU	2.73920819355
17	46	ALA	2.76474169515
17	47	GLU	2.75297936327
17	48	LEU	2.49497014793
17	49	GLN	2.33043353614
17	50	ASP	2.42739737843
17	51	MET	2.34101069005
17	52	ILE	2.05579792821
17	53	ASN	2.07453446763
17	54	GLU	2.18306080016
17	55	VAL	1.97676376376
17	56	ASP	1.78725719429
17	57	ALA	1.73095769997
17	58	ASP	1.67707631469
17	59	GLY	1.8026736189
17	60	ASN	1.71586554009
17	61	GLY	1.73258694294
17	62	THR	1.543777688
17	63	ILE	1.3812563288
17	64	ASP	1.08560610651
17	65	PHE	0.725199565
17	66	PRO	0.849440299971
17	67	GLU	1.15429680687
17	68	PHE	1.2024192702
17	69	LEU	1.19205187505
17	70	THR	1.44652013582
17	71	MET	1.64228816448
17	72	MET	1.66574439297
17	73	ALA	1.71734589722
17	74	ARG	1.98768597288
17	75	LYS	2.35749411478
17	76	MET	2.58916620111
17	77	LYS	2.88200942959
17	78	ASP	3.13368104537
17	79	THR	3.24248745541
17	80	ASP	3.05064640415
17	81	SER	2.83241749008
17	82	GLU	2.92538984509
17	83	GLU	2.94997863906
17	84	GLU	2.68430329569
17	85	ILE	2.62791166242
17	86	ARG	2.82870523151
17	87	GLU	2.73672785652
17	88	ALA	2.49062658162
17	89	PHE	2.62152255503
17	90	ARG	2.76678281165
17	91	VAL	2.56703873042
17	92	PHE	2.54730175569
17	93	ASP	2.83293466632
17	94	LYS	3.07624721359
17	95	ASP	3.27763206238
17	96	GLY	3.33214614252
17	97	ASN	3.49825041822
17	98	GLY	3.49008916562
17	99	TYR	3.42706116819
17	100	ILE	3.21296586354
17	101	SER	3.09650099357
17	102	ALA	3.08637286669
17	103	ALA	2.99871844458
17	104	GLU	2.81616376523
17	105	LEU	2.59442037998
17	106	ARG	2.50969791634
17	107	HIS	2.38189975295
17	108	VAL	2.12674671353
17	109	MET	1.98197071877
17	110	THR	1.90895959965
17	111	ASN	1.6656460958
17	112	LEU	1.3396614198
17	113	GLY	1.32443368825
17	114	GLU	1.54568095961
17	115	LYS	1.84073062431
17	116	LEU	2.24882462466
17	117	THR	2.64340178911
17	118	ASP	2.95574854098
17	119	GLU	3.14360517491
17	120	GLU	2.98374683986
17	121	VAL	2.80015085361
17	122	ASP	3.01304983911
17	123	GLU	3.13751262798
17	124	MET	2.9184724048
17	125	ILE	2.92294989156
17	126	ARG	3.19502870784
17	127	GLU	3.17263996324
17	128	ALA	3.00003442673
17	129	ASP	3.19387793033
17	130	ILE	3.35885166039
17	131	ASP	3.61033626141
17	132	GLY	3.76040422685
17	133	ASP	3.86845757367
17	134	GLY	3.74967151716
17	135	GLN	3.54584539072
17	136	VAL	3.25252292557
17	137	ASN	3.24842023747
17	138	TYR	3.25628846054
17	139	GLU	3.32300489203
17	140	GLU	3.24834000462
17	141	PHE	2.96997668155
17	142	VAL	2.94124815067
17	143	GLN	3.04752586723
17	144	MET	2.8581500921
17	145	MET	2.61204260993
17	146	THR	2.66784574215
17	202	ARG	2.59573608957
17	203	ARG	2.47826593223
17	204	LYS	2.29892036325
17	205	TRP	2.203075318
17	206	GLN	2.0730881798
17	207	LYS	1.79511871307
17	208	THR	1.7149441993
17	209	GLY	1.87199668839
17	210	HIS	1.80190324168
17	211	ALA	1.60935880164
17	212	VAL	1.79071004633
17	213	ARG	1.98536191805
17	214	ALA	1.84306946802
17	215	ILE	1.81782470564
17	216	GLY	2.09569847553
17	217	ARG	2.16578314095
17	218	LEU	2.05460315852
17	219	SER	2.23520734689
17	220	SER	2.48576068341
34	5	THR	3.86433341557
34	6	GLU	3.63939674266
34	7	GLU	3.48774312593
34	8	GLN	3.31100107017
34	9	ILE	3.10862465372
34	10	ALA	2.97644120334
34	11	GLU	2.81623642365
34	12	PHE	2.63177177473
34	13	LYS	2.51600739639
34	14	GLU	2.3962775148
34	15	ALA	2.18858600981
34	16	PHE	2.04415523216
34	17	SER	1.96401828753
34	18	LEU	1.77470891825
34	19	PHE	1.57337969395
34	20	ASP	1.5090777406
34	21	LYS	1.2130728215
34	22	ASP	1.04276747469
34	23	GLY	1.37405378022
34	24	ASP	1.63476580263
34	25	GLY	1.90266369624
34	26	THR	1.85276947914
34	27	ILE	1.71253335057
34	28	THR	1.45918113441
34	29	THR	1.36294042119
34	30	LYS	1.0056753554
34	31	GLU	0.981250140101
34	32	LEU	1.18533324554
34	33	GLY	1.06088391776
34	34	THR	0.857194490802
34	35	VAL	0.967220684931
34	36	MET	1.08051399481
34	37	ARG	0.841054072334
34	38	SER	0.726644716225
34	39	LEU	0.977604869755
34	40	GLY	0.977965880915
34	41	GLN	0.969029179964
34	42	ASN	0.9623104232
34	43	PRO	1.10454081887
34	44	THR	1.19764449704
34	45	GLU	1.0721099402
34	46	ALA	1.44105463616
34	47	GLU	1.65589229032
34	48	LEU	1.47214931488
34	49	GLN	1.53472884906
34	50	ASP	1.8910579621
34	51	MET	1.96263906159
34	52	ILE	1.9064236442
34	53	ASN	2.11535704578
34	54	GLU	2.3712308405
34	55	VAL	2.44818936742
34	56	ASP	2.39324412744
34	57	ALA	2.60245000589
34	58	ASP	2.65566861918
34	59	GLY	2.50415922135
34	60	ASN	2.25116350722
34	61	GLY	1.95724653943
34	62	THR	1.86994868507
34	63	ILE	1.94397398646
34	64	ASP	2.15303489886
34	65	PHE	2.31301336643
34	66	PRO	2.62520933262
34	67	GLU	2.6326491763
34	68	PHE	2.49153048331
34	69	LEU	2.68208289708
34	70	THR	2.91977634209
34	71	MET	2.83275424421
34	72	MET	2.81125811119
34	73	ALA	3.05345719979
34	74	ARG	3.25412701353
34	75	LYS	3.48185749289
34	76	MET	3.454445107
34	77	LYS	3.51285815303
34	78	ASP	3.62299153214
34	79	THR	3.51395127812
34	80	ASP	3.27086694478
34	81	SER	3.15335545
34	82	GLU	3.09121796734
34	83	GLU	2.9157081387
34	84	GLU	2.69061888841
34	85	ILE	2.58686158622
34	86	ARG	2.53026255677
34	87	GLU	2.31831178013
34	88	ALA	2.14142124946
34	89	PHE	2.09335976507
34	90	ARG	1.96082254838
34	91	VAL	1.70065475159
34	92	PHE	1.55189787073
34	93	ASP	1.60105624796
34	94	LYS	1.52913397343
34	95	ASP	1.75513842048
34	96	GLY	2.02174220412
34	97	ASN	2.18580899108
34	98	GLY	2.27054141632
34	99	TYR	2.13852733625
34	100	ILE	1.95469793446
34	101	SER	1.79587277112
34	102	ALA	1.80742113029
34	103	ALA	1.53529316332
34	104	GLU	1.3212889148
34	105	LEU	1.41157506002
34	106	ARG	1.34284546798
34	107	HIS	1.00502035845
34	108	VAL	1.03703048022
34	109	MET	1.2313134074
34	110	THR	1.08413354626
34	111	ASN	0.864225403175
34	112	LEU	1.02635269706
34	113	GLY	1.3228935436
34	114	GLU	1.56146822986
34	115	LYS	1.54477874066
34	116	LEU	1.6752729157
34	117	THR	1.90560239487
34	118	ASP	1.93553027811
34	119	GLU	2.19340727507
34	120	GLU	2.25429162023
34	121	VAL	2.04859124499
34	122	ASP	2.10729051907
34	123	GLU	2.39600695644
34	124	MET	2.3637753837
34	125	ILE	2.24087102151
34	126	ARG	2.47933517294
34	127	GLU	2.6849903523
34	128	ALA	2.59628370662
34	129	ASP	2.65490772093
34	130	ILE	2.89470534091
34	131	ASP	3.07038303958
34	132	GLY	3.08326964991
34	133	ASP	2.99227584345
34	134	GLY	2.76548357094
34	135	GLN	2.48482359917
34	136	VAL	2.27101125735
34	137	ASN	2.42502737228
34	138	TYR	2.53998736645
34	139	GLU	2.81485014414
34	140	GLU	2.81114741775
34	141	PHE	2.60787098643
34	142	VAL	2.7758395236
34	143	GLN	2.99609869554
34	144	MET	2.87813469223
34	145	MET	2.7940565948
34	146	THR	3.0098414282
34	202	ARG	3.04610311033
34	203	ARG	2.77413245455
34	204	LYS	2.40898413125
34	205	TRP	2.27058642916
34	206	GLN	2.41111285157
34	207	LYS	2.30431190503
34	208	THR	2.05844192988
34	209	GLY	2.11268805374
34	210	HIS	2.27426985482
34	211	ALA	2.10953986394
34	212	VAL	1.94566776264
34	213	ARG	2.16039597487
34	214	ALA	2.2482799684
34	215	ILE	2.03236269467
34	216	GLY	2.0733595785
34	217	ARG	2.33901649725
34	218	LEU	2.283910671
34	219	SER	2.15082726132
34	220	SER	2.36427757473
42	5	THR	3.96032715965
42	6	GLU	3.75943400943
42	7	GLU	3.6212662975
42	8	GLN	3.41921471476
42	9	ILE	3.21874867447
42	10	ALA	3.13524156404
42	11	GLU	2.97142966207
42	12	PHE	2.74638056202
42	13	LYS	2.66707855733
42	14	GLU	2.60589527468
42	15	ALA	2.36802011766
42	16	PHE	2.19369137551
42	17	SER	2.19630750215
42	18	LEU	2.05134586478
42	19	PHE	1.77847261556
42	20	ASP	1.74107340634
42	21	LYS	1.57243122035
42	22	ASP	1.60764823753
42	23	GLY	1.90473389029
42	24	ASP	2.10535874365
42	25	GLY	2.26790699247
42	26	THR	2.1158110353
42	27	ILE	1.83526443285
42	28	THR	1.56338859616
42	29	THR	1.29850904555
42	30	LYS	0.907467876964
42	31	GLU	0.980924591022
42	32	LEU	1.07956503304
42	33	GLY	0.808087230069
42	34	THR	0.672269901505
42	35	VAL	0.881333304761
42	36	MET	0.956041285579
42	37	ARG	0.726101340993
42	38	SER	0.631363042311
42	39	LEU	0.868922148961
42	40	GLY	0.78953677814
42	41	GLN	0.863764454435
42	42	ASN	0.862504733134
42	43	PRO	0.898863643098
42	44	THR	0.911598530821
42	45	GLU	0.765346820033
42	46	ALA	1.10808221861
42	47	GLU	1.31770683727
42	48	LEU	1.21278217954
42	49	GLN	1.27567809683
42	50	ASP	1.62224874535
42	51	MET	1.70342133345
42	52	ILE	1.68811661465
42	53	ASN	1.92513824614
42	54	GLU	2.1777133314
42	55	VAL	2.30295224969
42	56	ASP	2.29516397572
42	57	ALA	2.55592263995
42	58	ASP	2.66207422442
42	59	GLY	2.49349988527
42	60	ASN	2.27451902694
42	61	GLY	1.95513694421
42	62	THR	1.86511073153
42	63	ILE	1.93578232724
42	64	ASP	2.23575132231
42	65	PHE	2.47076461286
42	66	PRO	2.76175126187
42	67	GLU	2.70216168181
42	68	PHE	2.53367364817
42	69	LEU	2.74464024241
42	70	THR	2.94863508897
42	71	MET	2.80757796061
42	72	MET	2.78832108826
42	73	ALA	3.05323104305
42	74	ARG	3.21820863901
42	75	LYS	3.40252667778
42	76	MET	3.32802514954
42	77	LYS	3.33481736479
42	78	ASP	3.41717871041
42	79	THR	3.27453130747
42	80	ASP	3.03427589818
42	81	SER	2.95109962503
42	82	GLU	2.87600179323
42	83	GLU	2.67301777675
42	84	GLU	2.47519817025
42	85	ILE	2.3881122944
42	86	ARG	2.29248361667
42	87	GLU	2.07582132026
42	88	ALA	1.94185971576
42	89	PHE	1.8781602225
42	90	ARG	1.70920560907
42	91	VAL	1.48412694415
42	92	PHE	1.33934356939
42	93	ASP	1.30733711501
42	94	LYS	1.13847751646
42	95	ASP	1.364162132
42	96	GLY	1.64036083846
42	97	ASN	1.77707789743
42	98	GLY	1.8848363533
42	99	TYR	1.75922177764
42	100	ILE	1.62128136361
42	101	SER	1.50542265902
42	102	ALA	1.60700645574
42	103	ALA	1.34483250352
42	104	GLU	1.05391561255
42	105	LEU	1.25763328197
42	106	ARG	1.31914298123
42	107	HIS	1.04387408052
42	108	VAL	1.07855868694
42	109	MET	1.36914558882
42	110	THR	1.33861048248
42	111	ASN	1.16370887035
42	112	LEU	1.29309799913
42	113	GLY	1.61276481183
42	114	GLU	1.89895692795
42	115	LYS	1.90381743698
42	116	LEU	1.93896104691
42	117	THR	2.10837043253
42	118	ASP	2.04583074862
42	119	GLU	2.25349868998
42	120	GLU	2.33015878614
42	121	VAL	2.09521614484
42	122	ASP	2.07281458938
42	123	GLU	2.35944675183
42	124	MET	2.34207190987
42	125	ILE	2.15603697087
42	126	ARG	2.35657484821
42	127	GLU	2.5917311441
42	128	ALA	2.49344021153
42	129	ASP	2.49583143396
42	130	ILE	2.70998951758
42	131	ASP	2.84512284824
42	132	GLY	2.84915861713
42	133	ASP	2.72421793083
42	134	GLY	2.50349152601
42	135	GLN	2.20915309849
42	136	VAL	2.00193637897
42	137	ASN	2.14862368799
42	138	TYR	2.25067757785
42	139	GLU	2.5443792177
42	140	GLU	2.5754425732
42	141	PHE	2.40196217088
42	142	VAL	2.5784075894
42	143	GLN	2.81740562854
42	144	MET	2.74170841352
42	145	MET	2.68072679277
42	146	THR	2.89321758834
42	202	ARG	3.17712407433
42	203	ARG	2.86391882667
42	204	LYS	2.50108991963
42	205	TRP	2.31958014381
42	206	GLN	2.46359035267
42	207	LYS	2.41423557482
42	208	THR	2.14896419808
42	209	GLY	2.13021143464
42	210	HIS	2.28363463544
42	211	ALA	2.13099042416
42	212	VAL	1.90924363705
42	213	ARG	2.07892976424
42	214	ALA	2.17982780672
42	215	ILE	1.94495877484
42	216	GLY	1.93189334548
42	217	ARG	2.18741907517
42	218	LEU	2.13430395005
42	219	SER	1.95656157025
42	220	SER	2.13665173317
53	5	THR	3.18826593757
53	6	GLU	3.11876765099
53	7	GLU	3.17439106678
53	8	GLN	3.07716087948
53	9	ILE	2.82263999048
53	10	ALA	2.85154251208
53	11	GLU	2.94384981735
53	12	PHE	2.72640869848
53	13	LYS	2.53132367122
53	14	GLU	2.66945982449
53	15	ALA	2.67653286235
53	16	PHE	2.39909577277
53	17	SER	2.35551830265
53	18	LEU	2.51143902422
53	19	PHE	2.37309115632
53	20	ASP	2.12730839605
53	21	LYS	2.12795548546
53	22	ASP	2.0735126216
53	23	GLY	2.13464419519
53	24	ASP	1.9860682923
53	25	GLY	1.92136986006
53	26	THR	1.73963063779
53	27	ILE	1.59059286714
53	28	THR	1.36619741017
53	29	THR	1.01692894363
53	30	LYS	1.1274738345
53	31	GLU	1.46884373661
53	32	LEU	1.56357991212
53	33	GLY	1.6208897701
53	34	THR	1.87351126754
53	35	VAL	2.04705355742
53	36	MET	2.07790891702
53	37	ARG	2.22580326025
53	38	SER	2.45725339969
53	39	LEU	2.57668952822
53	40	GLY	2.6275513266
53	41	GLN	2.46994226624
53	42	ASN	2.25642821041
53	43	PRO	1.94151304338
53	44	THR	1.70849971984
53	45	GLU	1.42216328759
53	46	ALA	1.11986909432
53	47	GLU	1.2095732776
53	48	LEU	1.24226614402
53	49	GLN	0.994276840276
53	50	ASP	0.902224388449
53	51	MET	0.981741390268
53	52	ILE	1.09247280538
53	53	ASN	0.877007413954
53	54	GLU	0.924392696516
53	55	VAL	0.97056356096
53	56	ASP	0.893347446805
53	57	ALA	0.755891389635
53	58	ASP	0.693823153778
53	59	GLY	0.552250149533
53	60	ASN	0.645146990079
53	61	GLY	0.609551600579
53	62	THR	0.887847598632
53	63	ILE	1.19667164575
53	64	ASP	1.34383762463
53	65	PHE	1.65761043632
53	66	PRO	1.6838915101
53	67	GLU	1.4564447276
53	68	PHE	1.56942905446
53	69	LEU	1.82416805621
53	70	THR	1.73380489851
53	71	MET	1.62205555817
53	72	MET	1.93003435167
53	73	ALA	2.14565206088
53	74	ARG	2.13830993397
53	75	LYS	2.30825614964
53	76	MET	2.40987848794
53	77	LYS	2.47614739718
53	78	ASP	2.80339098156
53	79	THR	2.82801682474
53	80	ASP	2.54980119615
53	81	SER	2.56173007871
53	82	GLU	2.75370181613
53	83	GLU	2.60794292441
53	84	GLU	2.38120904149
53	85	ILE	2.5642132652
53	86	ARG	2.66498792823
53	87	GLU	2.40579490265
53	88	ALA	2.40664880058
53	89	PHE	2.66284611454
53	90	ARG	2.58637302716
53	91	VAL	2.40779635426
53	92	PHE	2.6222630255
53	93	ASP	2.8164131323
53	94	LYS	2.84068403359
53	95	ASP	2.82730109146
53	96	GLY	2.92321917395
53	97	ASN	3.21816629463
53	98	GLY	3.40544940839
53	99	TYR	3.50711841956
53	100	ILE	3.46895166645
53	101	SER	3.55919139971
53	102	ALA	3.77562864467
53	103	ALA	3.6710803776
53	104	GLU	3.38434948152
53	105	LEU	3.33208052317
53	106	ARG	3.43482693144
53	107	HIS	3.24028771515
53	108	VAL	3.02506159182
53	109	MET	3.17298452612
53	110	THR	3.23986823875
53	111	ASN	2.99181518064
53	112	LEU	2.82460047653
53	113	GLY	2.97751510062
53	114	GLU	3.32709915212
53	115	LYS	3.57711119682
53	116	LEU	3.79640826247
53	117	THR	4.10756751907
53	118	ASP	4.21692867901
53	119	GLU	4.38902265499
53	120	GLU	4.31609082319
53	121	VAL	4.04686726131
53	122	ASP	4.09555179932
53	123	GLU	4.2726652493
53	124	MET	4.0919359969
53	125	ILE	3.91704810417
53	126	ARG	4.11799061508
53	127	GLU	4.18838796521
53	128	ALA	3.94508571618
53	129	ASP	3.96669984103
53	130	ILE	4.03824336504
53	131	ASP	4.16304395098
53	132	GLY	4.33712040063
53	133	ASP	4.3605953461
53	134	GLY	4.28456897295
53	135	GLN	4.02656812027
53	136	VAL	3.6855059783
53	137	ASN	3.54406189556
53	138	TYR	3.3459035755
53	139	GLU	3.46063421179
53	140	GLU	3.59216069885
53	141	PHE	3.38033251294
53	142	VAL	3.28927527223
53	143	GLN	3.53570924069
53	144	MET	3.54032054828
53	145	MET	3.30330337184
53	146	THR	3.29152216001
53	202	ARG	4.27213400712
53	203	ARG	3.99933894996
53	204	LYS	3.75735361075
53	205	TRP	3.50706109903
53	206	GLN	3.40479684328
53	207	LYS	3.2688810728
53	208	THR	3.0319702558
53	209	GLY	2.93017679132
53	210	HIS	2.78525659526
53	211	ALA	2.52130143494
53	212	VAL	2.45180685026
53	213	ARG	2.46560892766
53	214	ALA	2.25049559042
53	215	ILE	2.0341703161
53	216	GLY	2.07631679605
53	217	ARG	2.01307844096
53	218	LEU	1.7292425195
53	219	SER	1.56878886818
53	220	SER	1.58485370288
86	5	THR	3.17359229932
86	6	GLU	3.14285066705
86	7	GLU	3.10062321498
86	8	GLN	2.88874458286
86	9	ILE	2.84440936989
86	10	ALA	2.97594370167
86	11	GLU	2.83287768267
86	12	PHE	2.60650863571
86	13	LYS	2.75996264288
86	14	GLU	2.88797085267
86	15	ALA	2.67779675933
86	16	PHE	2.58913941034
86	17	SER	2.8427194551
86	18	LEU	2.85449057275
86	19	PHE	2.63856367584
86	20	ASP	2.75228983518
86	21	LYS	2.90343415279
86	22	ASP	3.14715271429
86	23	GLY	3.32605167262
86	24	ASP	3.42672646482
86	25	GLY	3.36609449073
86	26	THR	3.11326113221
86	27	ILE	2.78077045214
86	28	THR	2.82070177108
86	29	THR	2.76603463057
86	30	LYS	2.77283296631
86	31	GLU	2.75484146517
86	32	LEU	2.49463207628
86	33	GLY	2.34432024652
86	34	THR	2.4362189491
86	35	VAL	2.33437575273
86	36	MET	2.04306027879
86	37	ARG	2.02227937559
86	38	SER	2.12999874051
86	39	LEU	1.92443450137
86	40	GLY	1.70570908449
86	41	GLN	1.58991470139
86	42	ASN	1.68095489597
86	43	PRO	1.81405094986
86	44	THR	1.95457256726
86	45	GLU	2.32837623196
86	46	ALA	2.41928584924
86	47	GLU	2.17093183355
86	48	LEU	2.11852978784
86	49	GLN	2.38111940375
86	50	ASP	2.36481316477
86	51	MET	2.13968965198
86	52	ILE	2.28595590562
86	53	ASN	2.51843065551
86	54	GLU	2.43825713267
86	55	VAL	2.46918275704
86	56	ASP	2.70933548154
86	57	ALA	2.98929748603
86	58	ASP	3.26357233734
86	59	GLY	3.27872495174
86	60	ASN	3.30183245401
86	61	GLY	3.14105591446
86	62	THR	2.9556602676
86	63	ILE	2.73839174023
86	64	ASP	2.94103649607
86	65	PHE	3.09431210964
86	66	PRO	3.18178964513
86	67	GLU	3.01944777037
86	68	PHE	2.76222391002
86	69	LEU	2.79658735344
86	70	THR	2.82583913509
86	71	MET	2.56574109908
86	72	MET	2.40850957575
86	73	ALA	2.54845371284
86	74	ARG	2.52165943844
86	75	LYS	2.39616276896
86	76	MET	2.07040951349
86	77	LYS	1.82356462956
86	78	ASP	1.56846998608
86	79	THR	1.22637499607
86	80	ASP	1.23000860769
86	81	SER	1.32585161774
86	82	GLU	1.07369262457
86	83	GLU	0.940988877059
86	84	GLU	1.17136355724
86	85	ILE	1.13506968804
86	86	ARG	0.902682564561
86	87	GLU	0.972823703837
86	88	ALA	1.17295382269
86	89	PHE	1.04192807295
86	90	ARG	0.92800625881
86	91	VAL	1.18002843184
86	92	PHE	1.27895103939
86	93	ASP	1.10801065716
86	94	LYS	1.11722403965
86	95	ASP	0.936408790749
86	96	GLY	0.674561835564
86	97	ASN	0.63716970167
86	98	GLY	0.581304114384
86	99	TYR	0.873028386841
86	100	ILE	1.12067854076
86	101	SER	1.48807582799
86	102	ALA	1.86030695734
86	103	ALA	2.01705023296
86	104	GLU	1.87040944734
86	105	LEU	1.89415629001
86	106	ARG	2.18623398603
86	107	HIS	2.26621993371
86	108	VAL	2.21041608681
86	109	MET	2.40384965959
86	110	THR	2.6557064031
86	111	ASN	2.69969214538
86	112	LEU	2.65350694416
86	113	GLY	2.72636888636
86	114	GLU	2.91689830985
86	115	LYS	3.04645172775
86	116	LEU	2.93631459615
86	117	THR	2.98158857295
86	118	ASP	2.84952604737
86	119	GLU	2.79074360336
86	120	GLU	2.73167692941
86	121	VAL	2.49412901024
86	122	ASP	2.30739771025
86	123	GLU	2.33066515865
86	124	MET	2.22817030406
86	125	ILE	1.94898157468
86	126	ARG	1.88631301097
86	127	GLU	1.95797105645
86	128	ALA	1.76117891379
86	129	ASP	1.53613311132
86	130	ILE	1.40584427253
86	131	ASP	1.29331103521
86	132	GLY	1.43589510616
86	133	ASP	1.4092660091
86	134	GLY	1.49206608717
86	135	GLN	1.35550895923
86	136	VAL	1.14526026745
86	137	ASN	0.81571923941
86	138	TYR	0.526861025828
86	139	GLU	0.613533033777
86	140	GLU	0.872775745552
86	141	PHE	1.00597673143
86	142	VAL	0.970680479152
86	143	GLN	1.09425625467
86	144	MET	1.37650479932
86	145	MET	1.46871619614
86	146	THR	1.48149311233
86	202	ARG	2.79922025939
86	203	ARG	2.51182040919
86	204	LYS	2.39510420281
86	205	TRP	2.17302276475
86	206	GLN	2.18834033628
86	207	LYS	2.37667838723
86	208	THR	2.26635664977
86	209	GLY	2.00427516125
86	210	HIS	2.01051554139
86	211	ALA	2.09547262895
86	212	VAL	1.87759358036
86	213	ARG	1.6855558035
86	214	ALA	1.84181003905
86	215	ILE	1.85268107294
86	216	GLY	1.58864043387
86	217	ARG	1.60796596197
86	218	LEU	1.80553562404
86	219	SER	1.65971629433
86	220	SER	1.47882441553
110	5	THR	3.90401311126
110	6	GLU	3.66092234774
110	7	GLU	3.44514753357
110	8	GLN	3.28866935648
110	9	ILE	3.17580829591
110	10	ALA	2.98317510819
110	11	GLU	2.7452134653
110	12	PHE	2.67868847555
110	13	LYS	2.63584425492
110	14	GLU	2.39735881623
110	15	ALA	2.18281018568
110	16	PHE	2.22514323859
110	17	SER	2.14416436373
110	18	LEU	1.83785108966
110	19	PHE	1.78933337933
110	20	ASP	1.89088248149
110	21	LYS	1.66563394549
110	22	ASP	1.68441758724
110	23	GLY	1.86854172723
110	24	ASP	2.19152267111
110	25	GLY	2.42304207956
110	26	THR	2.45476732337
110	27	ILE	2.39950952604
110	28	THR	2.34109320625
110	29	THR	2.4661494705
110	30	LYS	2.254778377
110	31	GLU	1.97189481901
110	32	LEU	2.02681323796
110	33	GLY	2.00214329645
110	34	THR	1.63382318693
110	35	VAL	1.51329091901
110	36	MET	1.79367079735
110	37	ARG	1.68733756242
110	38	SER	1.4113575905
110	39	LEU	1.56396361168
110	40	GLY	1.71958955263
110	41	GLN	1.94160989734
110	42	ASN	2.12526782059
110	43	PRO	2.30211981933
110	44	THR	2.62123266758
110	45	GLU	2.71163685517
110	46	ALA	2.96984922411
110	47	GLU	3.04409145993
110	48	LEU	2.82841833502
110	49	GLN	2.88342911736
110	50	ASP	3.15468628659
110	51	MET	3.10171091642
110	52	ILE	2.97170284872
110	53	ASN	3.2097361474
110	54	GLU	3.41230047856
110	55	VAL	3.38416715713
110	56	ASP	3.33715027027
110	57	ALA	3.52783757484
110	58	ASP	3.59572261028
110	59	GLY	3.53834333008
110	60	ASN	3.31884435806
110	61	GLY	3.07878388408
110	62	THR	2.89696815393
110	63	ILE	2.81166657184
110	64	ASP	2.90649830436
110	65	PHE	2.8930367744
110	66	PRO	3.18251547474
110	67	GLU	3.28475960848
110	68	PHE	3.10528693117
110	69	LEU	3.17950542476
110	70	THR	3.46073518761
110	71	MET	3.42437669973
110	72	MET	3.30552077179
110	73	ALA	3.47005453073
110	74	ARG	3.71242247937
110	75	LYS	3.95084053884
110	76	MET	3.94865806028
110	77	LYS	4.06701502288
110	78	ASP	4.11422369266
110	79	THR	4.03510926206
110	80	ASP	3.85973026051
110	81	SER	3.66747409759
110	82	GLU	3.54987450437
110	83	GLU	3.4630026063
110	84	GLU	3.26591677931
110	85	ILE	3.06443960592
110	86	ARG	3.03577673681
110	87	GLU	2.93767954138
110	88	ALA	2.69883630176
110	89	PHE	2.57061397048
110	90	ARG	2.57097539011
110	91	VAL	2.38675034055
110	92	PHE	2.14397088027
110	93	ASP	2.19820129964
110	94	LYS	2.27645182104
110	95	ASP	2.54632414644
110	96	GLY	2.70798821545
110	97	ASN	2.72884078717
110	98	GLY	2.65308113468
110	99	TYR	2.4140760726
110	100	ILE	2.14549879028
110	101	SER	1.81888016671
110	102	ALA	1.53017658731
110	103	ALA	1.29693962263
110	104	GLU	1.37949228765
110	105	LEU	1.37963165759
110	106	ARG	1.08798309901
110	107	HIS	1.02320031097
110	108	VAL	1.19587624073
110	109	MET	1.101084092
110	110	THR	0.877272914678
110	111	ASN	0.924828846183
110	112	LEU	1.11189700515
110	113	GLY	1.14066447953
110	114	GLU	0.961538544178
110	115	LYS	0.703712297286
110	116	LEU	0.597514600357
110	117	THR	0.565254358991
110	118	ASP	0.721411899622
110	119	GLU	1.0585713952
110	120	GLU	1.15601433045
110	121	VAL	1.13967839264
110	122	ASP	1.34141659863
110	123	GLU	1.6038717585
110	124	MET	1.67146655694
110	125	ILE	1.74830722052
110	126	ARG	1.98299126917
110	127	GLU	2.15337132266
110	128	ALA	2.21395940767
110	129	ASP	2.37017419108
110	130	ILE	2.67230361848
110	131	ASP	2.89528747082
110	132	GLY	2.8296851787
110	133	ASP	2.76378952172
110	134	GLY	2.50102409228
110	135	GLN	2.32810028749
110	136	VAL	2.26891699176
110	137	ASN	2.55237706961
110	138	TYR	2.81773920614
110	139	GLU	3.03429044837
110	140	GLU	2.89977136012
110	141	PHE	2.71817447722
110	142	VAL	2.94052937561
110	143	GLN	3.04371980458
110	144	MET	2.83411994506
110	145	MET	2.81983222672
110	146	THR	3.07975955785
110	202	ARG	2.28450355656
110	203	ARG	2.15457172739
110	204	LYS	1.85060323081
110	205	TRP	1.89254709931
110	206	GLN	2.10346328915
110	207	LYS	1.99987560429
110	208	THR	1.91309180717
110	209	GLY	2.10828610242
110	210	HIS	2.35927300364
110	211	ALA	2.31784354535
110	212	VAL	2.25934286925
110	213	ARG	2.51107937465
110	214	ALA	2.67095947703
110	215	ILE	2.57888517229
110	216	GLY	2.67151644675
110	217	ARG	2.95448168806
110	218	LEU	2.99622435918
110	219	SER	2.95773725299
110	220	SER	3.1739940465
117	5	THR	4.26599617406
117	6	GLU	4.04678586976
117	7	GLU	3.81182038928
117	8	GLN	3.64685694717
117	9	ILE	3.5912362099
117	10	ALA	3.42158770576
117	11	GLU	3.14930320603
117	12	PHE	3.10956897381
117	13	LYS	3.13960539378
117	14	GLU	2.91299619582
117	15	ALA	2.67917569177
117	16	PHE	2.76948453339
117	17	SER	2.75951049513
117	18	LEU	2.46979854741
117	19	PHE	2.40767952601
117	20	ASP	2.58533178239
117	21	LYS	2.45666938045
117	22	ASP	2.53872357387
117	23	GLY	2.69713839445
117	24	ASP	2.99677847628
117	25	GLY	3.18278052032
117	26	THR	3.19305342815
117	27	ILE	3.11599192749
117	28	THR	3.10645317751
117	29	THR	3.23264331302
117	30	LYS	3.050029605
117	31	GLU	2.80261043571
117	32	LEU	2.78615577576
117	33	GLY	2.73231888375
117	34	THR	2.45083276218
117	35	VAL	2.31897165463
117	36	MET	2.40042895488
117	37	ARG	2.26001074911
117	38	SER	1.97077598973
117	39	LEU	1.98242370944
117	40	GLY	2.06930757108
117	41	GLN	2.32267915138
117	42	ASN	2.57468837665
117	43	PRO	2.8346573928
117	44	THR	3.18260238638
117	45	GLU	3.34074193227
117	46	ALA	3.61022710671
117	47	GLU	3.65050874375
117	48	LEU	3.44764542743
117	49	GLN	3.55066613303
117	50	ASP	3.80192579562
117	51	MET	3.71403546234
117	52	ILE	3.6151588393
117	53	ASN	3.87640350281
117	54	GLU	4.04654740407
117	55	VAL	4.01117945584
117	56	ASP	4.00425949658
117	57	ALA	4.21445819559
117	58	ASP	4.31390902209
117	59	GLY	4.27601728331
117	60	ASN	4.08100631474
117	61	GLY	3.84551404205
117	62	THR	3.6456329072
117	63	ILE	3.51565515874
117	64	ASP	3.60811995603
117	65	PHE	3.57757056973
117	66	PRO	3.84085821751
117	67	GLU	3.93613089819
117	68	PHE	3.72644568229
117	69	LEU	3.76308319104
117	70	THR	4.03372502362
117	71	MET	3.98010769084
117	72	MET	3.81696955884
117	73	ALA	3.95760153463
117	74	ARG	4.18495713853
117	75	LYS	4.38363826061
117	76	MET	4.34671366152
117	77	LYS	4.44225479109
117	78	ASP	4.43032187647
117	79	THR	4.33219023969
117	80	ASP	4.19509298475
117	81	SER	4.00144644153
117	82	GLU	3.83840098679
117	83	GLU	3.76393042484
117	84	GLU	3.6103108712
117	85	ILE	3.37427741809
117	86	ARG	3.30842477621
117	87	GLU	3.25648386068
117	88	ALA	3.0366099413
117	89	PHE	2.84525622175
117	90	ARG	2.84670019717
117	91	VAL	2.72340135484
117	92	PHE	2.44236207788
117	93	ASP	2.42293111061
117	94	LYS	2.48546516159
117	95	ASP	2.75727090453
117	96	GLY	2.88947794073
117	97	ASN	2.83339982638
117	98	GLY	2.70327989171
117	99	TYR	2.41821443987
117	100	ILE	2.1467087041
117	101	SER	1.76167621845
117	102	ALA	1.31070151582
117	103	ALA	1.14626372132
117	104	GLU	1.43599981716
117	105	LEU	1.50210337218
117	106	ARG	1.24891306295
117	107	HIS	1.20314941879
117	108	VAL	1.48475735982
117	109	MET	1.39095169229
117	110	THR	1.13204893457
117	111	ASN	1.31075525963
117	112	LEU	1.60321506892
117	113	GLY	1.64258895621
117	114	GLU	1.39676285598
117	115	LYS	1.03423444387
117	116	LEU	0.956380176773
117	117	THR	0.855808300279
117	118	ASP	0.762896434624
117	119	GLU	0.785160803037
117	120	GLU	1.06614329515
117	121	VAL	1.19399049145
117	122	ASP	1.15975061599
117	123	GLU	1.37997095954
117	124	MET	1.60153623315
117	125	ILE	1.68958574533
117	126	ARG	1.81059470188
117	127	GLU	2.02163268115
117	128	ALA	2.17675836011
117	129	ASP	2.29589826206
117	130	ILE	2.59586736648
117	131	ASP	2.78390152913
117	132	GLY	2.64535246942
117	133	ASP	2.53763467605
117	134	GLY	2.24918116682
117	135	GLN	2.13295558049
117	136	VAL	2.21001681734
117	137	ASN	2.5686338671
117	138	TYR	2.90415806526
117	139	GLU	3.11408351405
117	140	GLU	2.95025911291
117	141	PHE	2.8290758017
117	142	VAL	3.09126326981
117	143	GLN	3.14975880722
117	144	MET	2.94792225173
117	145	MET	3.00283393405
117	146	THR	3.27737208842
117	202	ARG	2.28024224583
117	203	ARG	2.1485851872
117	204	LYS	1.92079250134
117	205	TRP	2.06026216411
117	206	GLN	2.30868529842
117	207	LYS	2.27188237737
117	208	THR	2.25159724108
117	209	GLY	2.43306054172
117	210	HIS	2.71455932063
117	211	ALA	2.74813163023
117	212	VAL	2.67770704634
117	213	ARG	2.89464239684
117	214	ALA	3.10923741414
117	215	ILE	3.06467763276
117	216	GLY	3.11354533747
117	217	ARG	3.39668928873
117	218	LEU	3.4989144912
117	219	SER	3.45786934344
117	220	SER	3.63505526295
127	5	THR	2.69558133801
127	6	GLU	2.7267112101
127	7	GLU	2.53954944362
127	8	GLN	2.38705456323
127	9	ILE	2.51710074864
127	10	ALA	2.51210229917
127	11	GLU	2.24290237386
127	12	PHE	2.257512793
127	13	LYS	2.51211418144
127	14	GLU	2.44201276555
127	15	ALA	2.25785758466
127	16	PHE	2.45994411396
127	17	SER	2.66024981532
127	18	LEU	2.53724331974
127	19	PHE	2.53692297065
127	20	ASP	2.82253791196
127	21	LYS	2.97184178352
127	22	ASP	3.22682342849
127	23	GLY	3.29303051702
127	24	ASP	3.47284515753
127	25	GLY	3.44968514528
127	26	THR	3.37004526153
127	27	ILE	3.26374566543
127	28	THR	3.46521921877
127	29	THR	3.68369953093
127	30	LYS	3.694511115
127	31	GLU	3.47037027177
127	32	LEU	3.26192119815
127	33	GLY	3.28232505431
127	34	THR	3.19816078312
127	35	VAL	2.92544136888
127	36	MET	2.83673441029
127	37	ARG	2.8861528974
127	38	SER	2.70507267294
127	39	LEU	2.45829864101
127	40	GLY	2.51040546393
127	41	GLN	2.73237780895
127	42	ASN	3.08716650482
127	43	PRO	3.33676492305
127	44	THR	3.67367348832
127	45	GLU	3.94644916422
127	46	ALA	4.11891818313
127	47	GLU	3.9775180257
127	48	LEU	3.75157135815
127	49	GLN	3.87731884789
127	50	ASP	3.97829589921
127	51	MET	3.73630599129
127	52	ILE	3.65208425007
127	53	ASN	3.89270985844
127	54	GLU	3.89009586692
127	55	VAL	3.74740858751
127	56	ASP	3.8527038397
127	57	ALA	4.04657990112
127	58	ASP	4.24326429119
127	59	GLY	4.34639271051
127	60	ASN	4.3050266363
127	61	GLY	4.16633369301
127	62	THR	3.88801723791
127	63	ILE	3.57087170239
127	64	ASP	3.5731875367
127	65	PHE	3.45070058415
127	66	PRO	3.54980162093
127	67	GLU	3.60255942911
127	68	PHE	3.34088157533
127	69	LEU	3.20901167007
127	70	THR	3.37003613861
127	71	MET	3.29041349708
127	72	MET	3.00453768506
127	73	ALA	2.9927151114
127	74	ARG	3.11607657539
127	75	LYS	3.13920534485
127	76	MET	3.0398260065
127	77	LYS	3.12222881981
127	78	ASP	2.95388983574
127	79	THR	2.92085969637
127	80	ASP	2.96567482069
127	81	SER	2.73460861859
127	82	GLU	2.51941328813
127	83	GLU	2.63781499568
127	84	GLU	2.63838520411
127	85	ILE	2.36011459726
127	86	ARG	2.36563138175
127	87	GLU	2.55608729479
127	88	ALA	2.40479016721
127	89	PHE	2.21051891624
127	90	ARG	2.42249001476
127	91	VAL	2.52286453608
127	92	PHE	2.34356166452
127	93	ASP	2.36096087626
127	94	LYS	2.6306592848
127	95	ASP	2.82217957057
127	96	GLY	2.69102880366
127	97	ASN	2.53980634746
127	98	GLY	2.27394002612
127	99	TYR	2.12596575416
127	100	ILE	1.97837527249
127	101	SER	1.87077146611
127	102	ALA	1.73456804745
127	103	ALA	1.95411937807
127	104	GLU	2.06795337622
127	105	LEU	1.87104292147
127	106	ARG	1.87273469559
127	107	HIS	2.1495264173
127	108	VAL	2.13914630353
127	109	MET	1.97655794416
127	110	THR	2.15708370832
127	111	ASN	2.40251589686
127	112	LEU	2.36591068485
127	113	GLY	2.17248293966
127	114	GLU	1.96780129253
127	115	LYS	1.98453174558
127	116	LEU	1.76877354684
127	117	THR	1.66103115857
127	118	ASP	1.70629469682
127	119	GLU	1.48003603305
127	120	GLU	1.21847072214
127	121	VAL	1.25064422198
127	122	ASP	1.29177420788
127	123	GLU	1.01044024087
127	124	MET	0.919987661056
127	125	ILE	1.14070705276
127	126	ARG	1.0672682922
127	127	GLU	0.858037958081
127	128	ALA	0.96183750438
127	129	ASP	1.06081552929
127	130	ILE	0.989693080181
127	131	ASP	1.03440754551
127	132	GLY	0.927910275721
127	133	ASP	1.26363517594
127	134	GLY	1.3639310024
127	135	GLN	1.53803358911
127	136	VAL	1.62906677984
127	137	ASN	1.70743724688
127	138	TYR	1.93432851051
127	139	GLU	1.82752884024
127	140	GLU	1.52748868024
127	141	PHE	1.53960687662
127	142	VAL	1.64352412491
127	143	GLN	1.35913286667
127	144	MET	1.11131943657
127	145	MET	1.38184488447
127	146	THR	1.54887271
127	202	ARG	0.645413248996
127	203	ARG	0.647572724968
127	204	LYS	0.883070443142
127	205	TRP	1.14250330894
127	206	GLN	1.24877382091
127	207	LYS	1.47260791171
127	208	THR	1.67934144562
127	209	GLY	1.71256578673
127	210	HIS	1.86731570941
127	211	ALA	2.14577662831
127	212	VAL	2.18520732948
127	213	ARG	2.18073809755
127	214	ALA	2.41780209296
127	215	ILE	2.61650340233
127	216	GLY	2.60629895729
127	217	ARG	2.72635457657
127	218	LEU	2.98300029837
127	219	SER	3.06903696462
127	220	SER	3.10482043749
143	5	THR	2.2664971421
143	6	GLU	2.42602490148
143	7	GLU	2.39603289114
143	8	GLN	2.22591865975
143	9	ILE	2.35329519804
143	10	ALA	2.50128248448
143	11	GLU	2.31280323585
143	12	PHE	2.23187030412
143	13	LYS	2.53485219372
143	14	GLU	2.63794118006
143	15	ALA	2.48912926615
143	16	PHE	2.59148318785
143	17	SER	2.88221194369
143	18	LEU	2.90210219073
143	19	PHE	2.83522329683
143	20	ASP	3.05483122827
143	21	LYS	3.28726876826
143	22	ASP	3.57383649509
143	23	GLY	3.65360979179
143	24	ASP	3.74739384265
143	25	GLY	3.63300123762
143	26	THR	3.45166784864
143	27	ILE	3.24979687404
143	28	THR	3.45351131695
143	29	THR	3.58744964847
143	30	LYS	3.66814455431
143	31	GLU	3.54456180803
143	32	LEU	3.26790999466
143	33	GLY	3.25319589061
143	34	THR	3.30518074021
143	35	VAL	3.07566441684
143	36	MET	2.8670725654
143	37	ARG	2.94869878819
143	38	SER	2.91872763301
143	39	LEU	2.64070110613
143	40	GLY	2.57512305256
143	41	GLN	2.64948035455
143	42	ASN	2.91900653597
143	43	PRO	3.10324967016
143	44	THR	3.3407980751
143	45	GLU	3.65641193491
143	46	ALA	3.74974169608
143	47	GLU	3.51599069599
143	48	LEU	3.35680055146
143	49	GLN	3.51881871007
143	50	ASP	3.50520466952
143	51	MET	3.22258759569
143	52	ILE	3.2287101466
143	53	ASN	3.43219844093
143	54	GLU	3.31636730359
143	55	VAL	3.1956685283
143	56	ASP	3.39769008143
143	57	ALA	3.6028490674
143	58	ASP	3.8628675914
143	59	GLY	3.98831983229
143	60	ASN	4.0407277691
143	61	GLY	3.94291542188
143	62	THR	3.68712396822
143	63	ILE	3.35345184293
143	64	ASP	3.39417219161
143	65	PHE	3.35449611622
143	66	PRO	3.36678155732
143	67	GLU	3.30384719039
143	68	PHE	3.03909871724
143	69	LEU	2.90421080981
143	70	THR	2.93780122914
143	71	MET	2.77043326189
143	72	MET	2.49571317462
143	73	ALA	2.46559248385
143	74	ARG	2.44479189456
143	75	LYS	2.28239827555
143	76	MET	2.02897490918
143	77	LYS	1.95354773554
143	78	ASP	1.6257552347
143	79	THR	1.527847508
143	80	ASP	1.70439058147
143	81	SER	1.57898785203
143	82	GLU	1.31247595039
143	83	GLU	1.48719509084
143	84	GLU	1.69724532835
143	85	ILE	1.53754896612
143	86	ARG	1.48793385459
143	87	GLU	1.79332376388
143	88	ALA	1.85247802511
143	89	PHE	1.73265194273
143	90	ARG	1.91248310355
143	91	VAL	2.15914432374
143	92	PHE	2.15229001353
143	93	ASP	2.12495916877
143	94	LYS	2.35594672705
143	95	ASP	2.39044766529
143	96	GLY	2.12306992256
143	97	ASN	1.98388181925
143	98	GLY	1.78155933974
143	99	TYR	1.84524791401
143	100	ILE	1.89302912592
143	101	SER	2.05366501314
143	102	ALA	2.20740163495
143	103	ALA	2.47330417604
143	104	GLU	2.45127357012
143	105	LEU	2.31310143862
143	106	ARG	2.51093621531
143	107	HIS	2.72882876363
143	108	VAL	2.64951984957
143	109	MET	2.65398050898
143	110	THR	2.92760298435
143	111	ASN	3.07098948774
143	112	LEU	2.96750939174
143	113	GLY	2.8644615555
143	114	GLU	2.88515150765
143	115	LYS	3.03843641661
143	116	LEU	2.89843627634
143	117	THR	2.88503225888
143	118	ASP	2.8418550091
143	119	GLU	2.66477423457
143	120	GLU	2.47519390336
143	121	VAL	2.33911981609
143	122	ASP	2.21759187583
143	123	GLU	2.02664532195
143	124	MET	1.8500049101
143	125	ILE	1.75765043187
143	126	ARG	1.60037457961
143	127	GLU	1.36569229182
143	128	ALA	1.23775823062
143	129	ASP	1.16801127857
143	130	ILE	0.885339297652
143	131	ASP	0.722498390838
143	132	GLY	0.951350442045
143	133	ASP	1.23924294599
143	134	GLY	1.48563887041
143	135	GLN	1.59713673579
143	136	VAL	1.55651487306
143	137	ASN	1.33612117785
143	138	TYR	1.24456434059
143	139	GLU	0.911754213009
143	140	GLU	0.917247668529
143	141	PHE	1.11975977093
143	142	VAL	1.02055559316
143	143	GLN	0.847073128535
143	144	MET	0.946402119541
143	145	MET	1.07205518022
143	146	THR	0.955288319173
143	202	ARG	1.68347115096
143	203	ARG	1.57690119294
143	204	LYS	1.79558344706
143	205	TRP	1.73657905017
143	206	GLN	1.62011057911
143	207	LYS	1.88645758852
143	208	THR	2.03502222585
143	209	GLY	1.85500337668
143	210	HIS	1.81595205143
143	211	ALA	2.10909826871
143	212	VAL	2.10535369822
143	213	ARG	1.90975888393
143	214	ALA	2.07354559485
143	215	ILE	2.29929646237
143	216	GLY	2.16402260945
143	217	ARG	2.12478734179
143	218	LEU	2.41473645523
143	219	SER	2.48218071767
143	220	SER	2.35974571573
